Attrition,Age,DailyRate,DistanceFromHome,Education,EnvironmentSatisfaction,HourlyRate,JobInvolvement,JobLevel,JobSatisfaction,MonthlyIncome,MonthlyRate,NumCompaniesWorked,PercentSalaryHike,PerformanceRating,RelationshipSatisfaction,TotalWorkingYears,TrainingTimesLastYear,WorkLifeBalance,YearsAtCompany,YearsInCurrentRole,YearsSinceLastPromotion,YearsWithCurrManager
1,41,1102,1,2,2,94,3,2,4,0.089185411,19479,8,11,3,1,8,0,1,6,4,0,5
0,49,279,8,1,3,61,2,2,2,-0.067658743,24907,1,23,4,4,10,3,3,10,7,1,7
1,37,1373,2,2,4,92,2,1,3,-0.250066907,2396,6,15,3,2,7,3,3,0,0,0,0
0,33,1392,3,4,4,56,3,1,3,0.043806396,23159,1,11,3,3,8,3,3,8,7,3,0
0,27,591,2,1,1,40,3,1,2,0.244386587,16632,9,12,3,4,6,3,3,2,2,2,2
0,32,1005,2,2,4,79,3,1,4,0.100858722,11864,0,13,3,3,8,2,2,7,7,3,6
0,59,1324,3,3,3,81,4,1,1,-0.041951503,9964,4,20,4,1,12,3,2,1,0,0,0
0,30,1358,24,1,4,67,3,1,3,-0.033698651,13335,1,22,4,2,1,2,3,1,0,0,0
0,38,216,23,3,4,44,2,3,3,-0.029667394,8787,0,21,4,2,10,2,3,9,7,1,8
0,36,1299,27,3,3,94,3,2,3,-0.048212249,16577,6,13,3,2,17,3,2,7,7,7,7
0,35,809,16,3,1,84,4,1,2,-0.129503501,16479,0,13,3,3,6,5,3,5,4,0,3
0,29,153,15,2,4,49,2,2,3,-0.237951873,12682,0,12,3,4,10,3,3,9,5,0,8
0,31,670,26,1,1,31,3,1,3,0.044524035,15170,1,17,3,4,5,1,2,5,2,4,3
0,34,1346,19,2,2,93,3,1,4,-0.04518088,8758,0,11,3,3,3,2,3,2,2,1,2
1,28,103,24,3,3,50,2,1,3,-0.272313726,12947,5,14,3,2,6,4,3,4,2,0,3
0,29,1389,21,4,2,51,4,3,1,0.016577725,10195,1,11,3,3,10,1,3,10,9,8,8
0,32,334,5,2,1,80,4,1,2,0.183387244,15053,0,12,3,4,7,5,2,6,2,0,5
0,22,1123,16,2,4,96,4,1,4,0.053135707,7324,1,13,3,2,1,2,2,1,0,0,0
0,53,1219,2,4,1,78,2,4,4,-0.004952534,22021,2,16,3,3,31,3,3,25,8,3,7
0,38,371,2,3,4,45,3,1,4,0.415184746,4306,5,11,3,3,6,3,3,3,2,1,2
0,24,673,11,2,1,96,4,2,3,-0.271029087,8232,0,18,3,4,5,5,2,4,2,1,3
1,36,1218,9,4,3,82,2,1,1,0.222498588,6986,7,23,4,2,10,4,3,5,3,0,3
0,34,419,7,4,1,53,3,3,2,0.221726777,21293,0,11,3,3,13,4,3,12,6,2,11
0,21,391,15,2,3,96,3,1,4,-0.557934177,19281,1,14,3,4,0,6,3,0,0,0,0
1,34,699,6,1,2,83,3,1,1,0.062106199,17102,2,11,3,3,8,2,3,4,2,1,3
0,53,1282,5,3,3,58,3,5,3,-0.005097279,10735,4,11,3,4,26,3,2,14,13,4,8
1,32,1125,16,1,2,72,1,1,1,0.406214254,4681,1,22,4,2,10,5,3,10,2,6,7
0,42,691,8,4,3,48,3,2,2,0.240395533,21173,0,11,3,4,10,2,3,9,7,4,2
0,44,477,7,4,1,42,2,3,4,0.043876606,2094,3,14,3,4,24,4,3,22,6,5,17
0,46,705,2,4,2,83,3,5,1,-0.01275679,22822,3,12,3,4,22,2,2,2,2,2,1
0,33,924,2,3,3,78,3,1,4,-0.104386124,6670,4,11,3,4,7,3,3,1,1,0,0
0,44,1459,10,4,4,41,3,2,4,0.174968076,19121,2,13,3,4,9,5,4,4,2,1,3
0,30,125,9,2,4,83,2,1,3,-0.208443826,16117,1,13,3,1,10,5,3,10,0,1,8
1,39,895,5,3,4,56,3,2,4,-0.620884237,3335,3,14,3,3,19,6,4,1,0,0,0
1,24,813,1,3,2,61,3,1,4,-0.177226516,3020,2,16,3,1,6,2,2,2,0,2,0
0,43,1273,2,2,4,72,4,1,3,-0.050921995,21923,1,12,3,4,6,3,2,5,3,1,4
1,50,869,3,2,1,86,2,1,3,-0.037286848,3810,1,14,3,3,3,2,3,3,2,0,2
0,35,890,2,3,4,97,3,1,4,-0.277337201,9687,1,13,3,1,2,3,3,2,2,2,2
0,36,852,5,4,2,82,2,1,1,0.226804424,13072,9,14,3,4,6,3,4,1,1,0,0
0,33,1141,1,3,3,42,4,2,1,-0.022949981,3193,2,19,3,1,10,3,3,5,3,1,3
0,35,464,4,2,3,75,3,1,4,-0.29994284,10910,1,12,3,3,1,3,3,1,0,0,0
0,27,1240,2,4,4,33,3,1,1,-0.160003172,19715,1,13,3,4,1,6,3,1,0,0,0
1,26,1357,25,3,1,48,1,1,3,-0.177226516,10558,1,12,3,3,1,2,2,1,0,0,1
0,27,994,8,3,4,37,3,3,3,-0.111156591,2975,1,15,3,4,9,0,3,9,8,1,7
0,30,721,1,2,3,58,3,2,4,-0.271029087,10781,1,23,4,4,12,2,3,12,8,3,7
1,41,1360,12,3,2,49,3,5,3,0.018402309,16280,1,12,3,4,23,0,3,22,15,15,8
0,34,1065,23,4,2,72,3,2,3,-0.169798272,10034,0,20,4,3,10,2,3,9,5,8,7
0,37,408,19,2,2,73,3,1,2,0.084353018,10227,4,21,4,1,8,1,3,1,0,0,0
0,46,1211,5,4,1,98,3,2,4,0.049020222,20445,4,21,4,3,14,4,3,9,6,0,8
0,35,1229,8,1,4,36,4,1,4,-0.185838188,4892,1,19,3,4,1,2,3,1,0,0,1
1,48,626,1,2,1,98,2,3,3,-0.451883293,19294,9,13,3,4,23,2,3,1,0,0,0
1,28,1434,5,4,3,50,3,1,3,0.234698456,11179,1,13,3,3,2,3,2,2,2,2,2
0,44,1488,1,5,2,75,3,2,1,-0.008774032,4009,5,21,4,3,9,2,2,4,3,1,3
0,35,1097,11,2,3,79,2,3,1,0.006799021,8302,2,13,3,3,10,3,3,4,0,2,3
0,26,1443,23,3,3,47,2,2,4,-0.244494619,21436,7,19,3,3,5,2,2,2,2,0,0
0,33,515,1,2,1,98,3,3,4,0.370852006,15146,1,12,3,3,15,1,3,15,14,8,12
0,35,853,18,5,2,71,3,3,1,-0.076218098,11031,1,22,4,4,9,3,2,9,8,1,8
0,35,1142,23,4,3,30,3,1,1,0.440302122,16002,3,15,3,3,4,3,3,2,2,2,2
0,31,655,7,4,4,48,3,2,4,0.075009462,9528,3,22,4,4,10,3,2,7,7,1,7
0,37,1115,1,4,1,51,2,2,3,0.089185411,2689,1,18,3,3,7,2,4,7,5,0,7
0,32,427,1,3,1,33,3,2,4,0.119899967,10877,1,22,4,2,9,3,3,9,8,7,8
0,38,653,29,5,4,50,3,2,4,-0.562726498,5456,1,11,3,4,10,2,3,10,3,9,9
0,50,989,7,2,2,43,2,5,3,-0.023542631,16701,5,12,3,4,29,2,2,27,3,13,8
0,59,1435,25,3,1,99,3,3,1,-0.222083759,2354,7,11,3,4,28,3,2,21,16,7,9
0,36,1223,8,3,3,59,3,3,3,0.028393658,8202,1,13,3,2,17,2,3,17,14,12,8
0,55,836,8,3,4,33,3,4,3,-0.048232294,19730,2,14,3,3,21,2,3,5,0,0,2
0,36,1195,11,3,2,95,2,2,2,0.181147336,22656,1,13,3,3,6,3,3,6,5,0,3
0,45,1339,7,3,2,59,3,3,1,-0.009498818,18787,2,17,3,3,25,2,3,1,0,0,0
0,35,664,1,3,2,79,3,1,1,-0.212749662,5868,4,13,3,4,5,2,2,3,2,1,2
1,36,318,9,3,4,79,2,1,3,0.215681014,21777,0,17,3,1,2,0,2,1,0,0,0
0,59,1225,1,1,1,57,2,2,3,-0.005320916,24668,7,11,3,4,20,2,2,4,3,1,3
0,29,1328,2,3,3,76,3,1,2,-0.030110454,4956,0,23,4,4,6,3,3,5,4,0,4
0,31,1082,1,4,3,87,3,1,2,-0.102592026,18775,1,17,3,2,1,4,3,1,1,1,0
0,32,548,1,3,2,66,3,2,2,0.130441057,7346,1,17,3,2,10,3,3,10,4,0,9
0,36,132,6,3,2,55,4,1,4,0.090094132,22002,3,12,3,2,5,3,3,1,0,0,0
0,31,746,8,4,3,61,3,2,4,-0.195969255,20682,1,23,4,4,11,2,3,11,7,1,8
0,35,776,1,4,3,32,2,2,1,-0.216324464,23016,0,14,3,2,16,2,3,15,13,2,8
0,45,193,6,4,4,52,3,3,1,0.349155508,15067,4,14,3,2,17,3,4,0,0,0,0
0,37,397,7,4,1,30,3,3,3,0.391835474,25258,4,13,3,1,16,3,4,5,2,0,2
0,46,945,5,2,2,80,3,2,2,-0.087468723,10425,8,22,4,4,16,2,3,4,2,0,2
0,30,852,1,1,4,55,2,2,4,-0.068385714,15998,1,12,3,3,10,1,2,10,8,3,0
0,35,1214,1,3,2,30,2,1,3,0.025865413,26278,1,18,3,1,6,3,3,6,4,0,4
0,55,111,1,2,1,70,3,3,4,0.042959852,18092,3,14,3,4,24,4,3,1,0,1,0
0,38,573,6,3,2,79,1,2,4,-0.031491899,15717,7,12,3,4,17,3,3,13,11,1,9
0,34,1153,1,2,1,94,3,2,2,-0.213961805,17736,1,15,3,3,5,2,3,5,2,1,3
0,56,1400,7,3,4,49,1,3,4,-0.260485543,21698,4,11,3,1,37,3,2,6,4,0,2
0,23,541,2,1,3,62,3,1,1,-0.166820746,9518,3,13,3,3,3,3,3,0,0,0,0
0,51,432,9,4,4,96,3,1,4,-0.255449202,18725,3,23,4,2,10,4,3,4,2,0,3
0,30,288,2,3,3,99,2,2,4,-0.245403333,15830,1,19,3,1,11,3,3,11,10,10,8
1,46,669,9,2,3,64,2,3,4,-0.020194275,13596,1,16,3,4,9,3,3,9,8,4,7
0,40,530,1,4,3,78,2,4,2,-0.129051278,14115,1,22,4,4,22,3,2,22,3,11,11
0,51,632,21,4,3,71,3,2,4,-0.01113669,8423,0,22,4,4,11,2,1,10,7,1,0
0,30,1334,4,2,3,63,2,2,2,-0.053301051,19760,1,12,3,2,11,4,2,11,8,2,7
0,46,638,1,3,3,40,2,3,1,0.087167741,3142,2,13,3,3,21,5,2,10,9,9,5
0,32,1093,6,4,2,87,3,2,3,-0.089467895,24301,1,16,3,1,12,0,3,11,8,5,7
0,54,1217,2,4,1,60,3,3,3,0.380121402,24001,9,12,3,1,16,5,1,4,3,0,3
0,24,1353,3,2,1,33,3,2,3,-0.091467067,17519,0,21,4,1,4,2,2,3,2,0,2
0,28,120,4,3,2,43,3,2,3,-0.232863071,8863,1,15,3,2,5,3,4,5,4,0,4
0,58,682,10,4,4,37,3,4,3,-0.105250636,24409,0,13,3,3,38,1,2,37,10,1,8
0,44,489,23,3,2,67,3,2,2,-0.628880926,25043,4,12,3,3,17,3,4,3,2,1,2
1,37,807,6,4,3,63,3,1,1,-0.256166841,23648,4,22,4,4,7,3,3,3,2,0,2
0,32,827,1,1,4,71,3,1,1,0.06067092,15178,1,13,3,4,1,2,3,1,0,0,0
1,20,871,6,3,4,66,2,1,4,0.04990633,19783,1,18,3,2,1,5,3,1,0,1,0
0,34,665,6,4,1,41,3,2,3,-0.125998225,12482,1,14,3,3,16,3,3,16,13,2,10
0,37,1040,2,2,3,100,2,2,4,-0.061661226,15850,5,14,3,4,17,2,4,1,0,0,0
0,59,1420,2,4,3,32,2,5,4,-0.018123658,21922,9,21,4,4,30,3,3,3,2,2,2
0,50,1115,1,3,1,73,3,5,2,-0.053138564,9755,3,19,3,1,28,1,2,8,3,0,7
1,25,240,5,3,3,46,2,2,3,0.04393142,26959,1,11,3,4,6,1,3,6,4,0,3
0,25,1280,7,1,4,64,2,1,4,0.036630003,26897,1,11,3,3,2,2,3,2,2,2,1
0,22,534,15,3,2,59,3,1,4,0.030171249,23785,1,15,3,3,1,5,3,0,0,0,0
0,51,1456,1,4,1,30,2,3,1,-0.237668568,25796,3,20,4,3,23,1,2,13,12,12,8
1,34,658,7,3,1,66,1,2,3,0.103906588,22887,1,24,4,4,9,3,3,9,7,0,6
0,54,142,26,3,4,30,4,4,4,0.117662701,13871,2,12,3,3,23,3,3,5,3,4,4
0,24,1127,18,1,2,52,3,1,3,-0.004634258,13257,0,12,3,3,6,2,3,5,3,1,2
0,34,1031,6,4,3,45,2,2,2,-0.181248077,15000,6,15,3,3,12,3,3,1,0,0,0
0,37,1189,3,3,3,87,3,3,4,-0.243372812,14506,2,12,3,1,12,3,3,5,3,1,3
0,34,1354,5,3,3,45,2,3,1,0.184751054,5615,2,12,3,4,14,6,3,11,10,5,8
0,36,1467,11,2,2,92,3,3,4,-0.008072757,22952,0,14,3,3,10,6,3,9,7,2,8
0,36,922,3,2,1,39,3,1,4,0.017253741,2561,5,22,4,1,7,2,3,1,0,0,0
0,43,394,26,2,3,92,3,4,4,0.093862058,19494,1,12,3,4,25,3,4,25,12,4,12
0,30,1312,23,3,1,96,1,1,3,-0.062404224,22310,1,25,4,3,10,2,2,10,7,0,9
0,33,750,22,2,3,95,3,2,2,0.11699208,15480,0,13,3,1,8,2,4,7,7,0,7
1,56,441,14,4,2,72,3,1,2,0.780821981,4510,9,18,3,1,7,2,3,5,4,4,3
0,51,684,6,3,1,51,3,5,3,0.017985465,6462,7,13,3,3,23,5,3,20,18,15,15
1,31,249,6,4,2,76,1,2,3,0.121717396,20739,4,18,3,2,12,3,2,7,7,7,7
0,26,841,6,3,3,46,2,1,2,-0.150315041,23300,1,19,3,3,5,3,2,5,4,4,3
1,58,147,23,4,4,94,3,3,4,0.050395741,3465,1,12,3,4,40,3,2,40,10,15,6
1,19,528,22,1,4,50,3,1,3,-0.398977067,26820,1,19,3,4,0,2,2,0,0,0,0
0,22,594,2,1,3,100,3,1,4,-0.094697994,19299,0,14,3,3,3,2,3,2,1,2,1
0,49,470,20,4,3,96,3,2,1,0.193505855,5549,1,14,3,3,16,2,2,15,11,5,11
0,43,957,28,3,2,72,4,1,3,0.700446377,16090,4,12,3,4,18,2,3,3,2,1,2
0,50,809,12,3,3,77,3,3,4,-0.06205935,6645,4,11,3,4,16,3,3,2,2,2,1
1,31,542,20,3,2,71,1,2,3,-0.171433959,24788,3,11,3,3,4,2,3,2,2,2,2
0,41,802,9,1,3,96,3,3,3,-0.165856214,21196,3,13,3,3,12,2,3,9,7,0,7
0,26,1355,25,1,3,61,3,1,3,0.055647445,8916,1,23,4,4,8,3,3,8,7,5,7
0,36,216,6,2,2,84,3,2,2,-0.102008157,2819,6,20,4,4,7,0,3,3,2,0,1
1,51,1150,8,4,1,53,1,3,4,0.084824927,25150,2,15,3,4,18,2,3,4,2,0,3
0,39,1329,4,4,4,47,2,2,3,0.072646803,14590,4,14,3,3,17,1,4,15,11,5,9
0,25,959,28,3,1,41,2,2,3,0.570077217,24835,2,18,3,4,6,3,3,2,2,2,2
0,30,1240,9,3,3,48,3,2,4,0.15352241,13982,0,19,3,4,12,2,1,11,9,4,7
1,32,1033,9,3,1,41,3,1,1,0.507042579,10224,7,22,4,1,10,2,4,5,4,0,4
0,45,1316,29,3,3,83,3,1,4,0.238645472,9752,5,13,3,2,9,2,2,6,5,0,3
0,38,364,3,5,4,32,3,2,3,-0.215415749,2302,3,20,4,2,19,2,3,3,2,2,2
0,30,438,18,3,1,75,3,1,3,-0.05558665,23910,1,14,3,3,5,4,2,5,4,0,4
0,32,689,9,2,4,35,1,2,4,-0.151623979,22812,0,17,3,4,9,2,4,8,7,0,7
0,30,201,5,3,4,84,3,1,1,0.149658196,10415,5,14,3,4,8,3,3,3,2,2,2
0,30,1427,2,1,2,35,2,1,4,-0.02401052,11162,0,13,3,4,6,3,3,5,3,1,2
0,41,857,10,3,4,91,2,4,1,0.108181144,12888,4,13,3,2,21,2,2,7,6,7,7
0,41,933,9,4,3,94,3,1,1,-0.196961597,6961,2,21,4,4,7,2,3,5,0,1,4
0,19,1181,3,1,2,79,3,1,2,-0.467870442,16102,1,14,3,4,1,3,3,1,0,0,0
0,40,1395,26,3,2,54,3,2,2,0.018669152,8504,1,11,3,1,20,2,3,20,7,2,13
0,35,662,1,5,3,94,3,3,2,-0.256920391,11439,1,13,3,1,10,3,3,10,8,0,6
0,53,1436,6,2,2,34,3,2,3,-0.580900792,16047,2,20,4,4,13,3,1,7,7,4,5
0,45,194,9,3,2,60,3,2,2,-0.573267588,10901,8,18,3,3,20,2,1,17,9,0,15
0,32,967,8,3,2,43,3,3,4,-0.083450264,15589,1,14,3,4,9,2,3,9,8,3,7
0,29,1496,1,1,4,41,3,2,3,-0.215052263,26283,1,13,3,1,10,1,3,10,7,0,9
0,51,1169,7,4,2,34,2,2,3,0.114447679,13983,2,17,3,3,10,2,3,1,0,0,0
0,58,1145,9,3,2,75,2,1,2,0.200610588,11873,4,20,4,2,9,3,2,1,0,0,0
0,40,630,4,4,3,67,2,3,4,0.105706533,8552,7,11,3,1,15,2,2,12,11,2,11
0,34,303,2,4,3,75,3,1,3,-0.199473335,11314,6,18,3,4,6,3,3,4,3,1,2
0,22,1256,19,1,3,80,3,1,4,-0.166461926,11992,1,24,4,1,2,6,3,2,2,2,2
0,27,691,9,3,4,57,3,1,2,-0.273749005,5970,6,18,3,4,6,1,1,2,2,2,2
0,28,440,21,3,3,42,3,1,4,-0.026522258,6672,1,11,3,3,5,2,1,5,2,0,2
0,57,334,24,2,3,83,4,3,4,-0.038529344,23402,3,16,3,2,12,2,1,5,3,1,4
0,27,1450,3,3,3,79,2,1,3,-0.079268748,25326,1,15,3,4,1,2,2,1,1,0,1
0,50,1452,11,3,3,53,3,5,2,0.038254511,17053,3,15,3,2,21,5,3,5,4,4,4
0,41,465,14,3,1,56,3,1,3,-0.120533009,4609,4,12,3,1,13,2,3,9,8,1,8
0,30,1339,5,3,2,41,3,3,4,-0.040566574,8053,2,12,3,3,12,2,3,10,9,7,4
0,38,702,1,4,1,59,2,2,4,0.578619135,12930,4,22,4,3,12,2,4,8,3,0,7
0,32,120,6,5,3,43,3,1,3,0.090094132,12430,3,20,4,1,8,2,3,5,4,1,4
0,27,1157,17,3,3,51,3,1,2,0.097270526,13364,0,16,3,4,6,3,2,5,2,1,1
1,19,602,1,1,3,100,1,1,1,-0.165744287,20989,0,21,4,1,1,5,4,0,0,0,0
0,36,1480,3,2,4,30,3,1,2,-0.250784546,15062,4,12,3,3,13,3,2,8,7,7,2
0,30,111,9,3,3,66,3,2,1,-0.441685703,11012,1,11,3,3,12,4,3,12,9,6,10
0,45,1268,4,2,3,30,3,2,1,-0.090194867,6319,4,11,3,1,9,3,4,5,4,0,3
0,56,713,8,3,3,67,3,1,1,0.5274953,13939,4,18,3,3,19,3,3,2,2,2,2
0,33,134,2,3,3,90,3,1,4,-0.102950846,10515,0,14,3,1,4,2,4,3,1,0,2
1,19,303,2,3,2,47,2,1,4,-0.604580733,9241,1,22,4,3,1,3,2,1,0,1,0
0,46,526,1,2,2,92,3,3,1,0.064758212,2137,1,25,4,3,24,2,3,24,13,15,7
0,38,1380,9,2,3,75,3,1,4,-0.179020614,6319,1,12,3,3,2,3,3,2,2,2,1
0,31,140,12,1,3,95,3,1,4,0.409802451,6984,8,23,4,3,7,0,3,4,2,0,2
0,34,629,27,2,4,95,3,1,2,-0.170767762,5711,2,15,3,4,9,3,3,3,2,1,2
1,41,1356,20,2,2,70,3,1,2,0.126693738,21728,1,22,4,4,4,5,2,4,3,0,2
0,50,328,1,3,3,86,2,1,3,0.324044552,3425,2,15,3,4,5,2,2,3,2,0,2
0,53,1084,13,2,4,57,4,2,1,-0.191243939,26250,1,11,3,3,5,3,3,4,2,1,3
0,33,931,14,3,4,72,3,1,2,-0.011093012,4673,1,13,3,4,8,5,3,8,7,1,6
0,40,989,4,1,4,46,3,5,3,-0.008275715,6499,1,14,3,2,21,2,3,20,8,9,9
0,55,692,14,4,3,61,4,5,2,-0.024480531,13339,8,11,3,4,36,3,3,24,15,2,15
0,34,1069,2,1,4,45,2,2,3,0.735099802,14074,1,17,3,3,10,2,2,10,9,1,9
0,51,313,3,3,4,98,3,4,2,-0.114151689,7192,3,18,3,3,21,6,3,7,7,1,0
0,52,699,1,4,3,65,2,5,3,0.042058213,5678,0,14,3,1,34,5,3,33,18,11,9
0,27,894,9,3,4,99,3,1,2,-0.182249991,11781,1,16,3,4,7,2,2,7,7,0,3
1,35,556,23,2,2,50,2,2,3,0.075191205,15497,3,13,3,1,8,1,3,1,0,0,1
0,43,1344,7,3,4,37,4,1,4,-0.250425727,5228,4,14,3,4,7,3,4,5,4,2,2
0,45,1195,2,2,1,65,2,4,4,0.083090493,20462,9,23,4,4,22,1,3,20,8,11,8
0,37,290,21,3,2,65,4,1,1,0.278833274,22977,1,12,3,1,8,3,2,8,7,1,7
0,35,138,2,3,2,37,3,2,2,-0.195787512,15986,5,11,3,4,10,5,3,6,2,1,2
0,42,926,21,2,3,36,3,2,3,-0.043123446,16439,2,16,3,2,11,5,3,5,3,0,2
0,38,1261,2,4,4,88,3,2,3,0.190961454,7259,9,14,3,2,14,3,3,1,0,0,0
0,38,1084,29,3,4,54,3,2,4,0.137892517,4185,3,18,3,1,9,3,1,7,7,1,7
0,27,472,1,1,3,60,2,2,1,-0.218868865,9679,5,19,3,3,6,1,3,2,2,2,0
0,49,1002,18,4,4,92,3,2,4,0.236578931,23793,1,15,3,1,7,0,3,7,7,1,7
0,34,878,10,4,4,43,3,1,3,0.36889701,5972,1,17,3,4,5,4,4,5,3,2,0
0,40,905,19,2,3,99,3,2,4,-0.501842615,16523,8,15,3,3,15,2,4,7,2,3,7
1,38,1180,29,1,2,70,3,2,1,0.212770606,11354,7,19,3,2,17,2,3,1,0,0,0
1,29,121,27,3,2,35,3,3,4,-0.221880036,24525,1,22,4,4,10,3,2,10,4,1,9
0,22,1136,5,3,4,60,4,1,2,-0.164667828,12392,1,16,3,1,4,2,2,4,2,2,2
0,36,635,18,1,2,73,3,1,4,-0.227461268,7703,1,13,3,1,8,2,3,8,1,1,7
0,40,1151,9,5,4,63,2,2,4,-0.113821448,14242,9,14,3,4,5,5,1,3,2,0,2
0,46,644,1,4,4,97,3,3,1,-0.042909389,12368,7,16,3,3,17,3,3,4,2,0,3
1,32,1045,4,4,4,32,1,3,4,0.059359553,25812,1,11,3,3,14,2,2,14,8,9,8
0,30,829,1,1,3,88,2,3,3,-0.136825687,20925,1,22,4,3,12,2,3,11,8,5,8
0,27,1242,20,3,4,90,3,2,3,0.813976236,12916,1,14,3,4,7,2,3,7,7,0,7
0,51,1469,8,4,2,81,2,3,2,0.272250078,15736,5,16,3,4,16,5,1,10,9,4,7
1,30,1005,3,3,4,88,3,1,1,-0.046616159,8556,5,11,3,3,8,5,3,5,2,0,4
0,41,896,6,3,4,75,3,3,4,0.384399585,14674,3,18,3,3,16,3,3,1,0,0,0
1,30,334,26,4,3,52,2,2,1,0.216950694,22967,5,15,3,3,9,5,2,6,3,0,1
1,29,992,1,3,3,85,3,1,3,-0.261549136,19757,0,14,3,4,7,1,2,6,2,1,5
0,45,1052,6,3,4,57,2,3,4,-0.096997843,16840,6,12,3,4,23,2,3,19,7,12,8
0,54,1147,3,3,4,52,3,2,1,0.079553035,17011,2,14,3,4,16,4,3,6,2,0,5
0,36,1396,5,2,4,62,3,2,2,0.074827719,9945,8,16,3,4,16,3,4,13,11,3,7
0,33,147,4,4,3,47,2,1,2,-0.059174847,13248,6,21,4,4,7,3,3,3,2,1,1
0,37,663,11,3,2,47,3,3,4,0.241182322,10056,1,14,3,3,10,1,3,10,8,0,7
0,38,119,3,3,1,76,3,3,3,0.080648605,9647,0,12,3,3,17,6,2,16,10,5,13
0,31,979,1,4,3,90,1,2,3,-0.210326947,4381,0,12,3,4,6,2,3,5,4,1,4
0,59,142,3,3,3,70,2,1,4,-0.218849596,8456,3,17,3,1,7,6,3,1,0,0,0
0,37,319,4,4,1,41,3,1,4,0.002183315,2539,4,17,3,3,13,2,3,9,8,5,8
0,29,1413,1,1,2,42,3,3,4,-0.193460679,6599,1,14,3,4,11,5,3,11,10,4,1
0,35,944,1,3,3,92,3,3,3,-0.104739316,9096,1,14,3,1,10,3,4,10,7,0,8
1,29,896,18,1,3,86,2,1,4,-0.142779828,14961,1,13,3,3,4,3,2,4,3,0,1
0,52,1323,2,3,3,89,2,1,4,0.152528754,3300,7,15,3,2,6,3,2,2,2,2,2
0,42,532,4,2,3,58,3,5,4,0.002093283,4933,1,11,3,4,22,3,3,22,17,11,15
0,59,818,6,2,2,52,3,1,3,-0.186555827,25657,8,17,3,4,7,2,2,2,2,2,2
0,50,854,1,4,4,68,3,5,4,0.016943355,24118,3,11,3,3,32,3,2,7,0,0,6
1,33,813,14,3,3,58,3,1,4,-0.125915304,22149,5,13,3,3,8,2,1,5,4,0,4
0,43,1034,16,3,4,80,3,4,4,0.036134212,7744,5,22,4,3,22,3,3,17,13,1,9
1,33,465,2,2,1,39,3,1,1,-0.028675176,21509,7,20,4,1,13,3,4,9,7,1,7
0,52,771,2,4,1,79,2,5,3,-0.006452022,21030,1,18,3,4,33,2,4,33,7,15,12
0,32,1401,4,2,3,56,3,1,2,0.41052009,20990,2,11,3,1,6,5,3,4,3,1,2
1,32,515,1,3,4,62,2,1,3,0.338397338,9571,0,14,3,4,4,2,1,3,2,1,2
0,39,1431,1,4,3,96,3,1,3,-0.199114515,15417,7,14,3,3,7,1,3,3,2,1,2
0,32,976,26,4,3,100,3,2,4,-0.188517795,12069,0,18,3,1,4,2,3,3,2,2,2
0,41,1411,19,2,3,36,3,2,1,-0.441685703,19877,2,16,3,1,17,2,2,1,0,0,0
0,40,1300,24,2,1,62,3,2,4,-0.396795198,24447,1,17,3,1,9,3,3,9,8,4,7
0,45,252,1,3,3,70,4,5,4,0.000530117,15970,0,11,3,3,25,2,3,24,0,1,7
0,31,1327,3,4,2,73,3,3,3,0.392955951,13523,9,12,3,1,9,3,3,2,2,2,2
0,33,832,5,4,3,63,2,1,4,0.044524035,14776,1,13,3,3,2,2,2,2,2,0,2
0,34,470,2,4,4,84,2,2,1,0.082642665,23687,6,13,3,2,13,3,3,11,9,5,9
0,37,1017,1,2,3,83,2,1,1,0.406573074,18697,2,14,3,1,17,2,2,3,1,0,2
0,45,1199,7,4,1,77,4,2,3,0.169334045,5118,4,17,3,4,9,1,3,3,2,0,2
1,37,504,10,3,1,61,3,3,3,0.023504307,22573,6,11,3,2,17,5,3,1,0,0,0
0,39,505,2,4,3,64,3,3,3,0.114161037,6420,0,25,4,4,20,1,3,19,6,11,8
0,29,665,15,3,3,60,3,1,4,-0.160361992,22673,1,19,3,1,6,1,3,6,5,1,5
0,42,916,17,2,4,82,4,2,1,0.189507511,23016,3,13,3,3,10,1,3,3,2,0,2
0,29,1247,20,2,4,45,3,2,4,0.259660284,10732,2,14,3,4,10,2,3,3,2,0,2
0,25,685,1,3,1,62,3,2,3,-0.109823104,7505,0,12,3,4,5,3,3,4,2,1,2
0,42,269,2,3,4,56,2,1,1,-0.069580617,8007,0,11,3,3,10,4,3,9,6,7,8
0,40,1416,2,2,1,49,3,5,3,0.012722808,5949,0,19,3,4,22,5,3,21,7,3,9
0,51,833,1,3,3,96,3,1,4,-0.022934061,23231,1,11,3,2,1,0,2,1,0,0,0
1,31,307,29,2,3,71,2,1,2,0.248333603,11652,0,11,3,2,6,2,4,5,4,1,4
0,32,1311,7,3,2,100,4,1,2,0.002542135,26062,1,20,4,3,5,3,1,5,1,0,3
0,38,1327,2,2,4,39,2,2,4,-0.046031333,19682,3,18,3,4,13,0,3,8,7,7,5
0,32,128,2,1,4,84,2,2,1,-0.604527373,19737,4,13,3,4,9,5,3,6,2,0,4
0,46,488,2,3,3,75,1,4,2,0.088250524,14977,3,12,3,2,28,2,2,7,7,7,7
1,28,529,2,4,1,79,3,1,3,0.250486521,14935,2,11,3,3,5,5,1,0,0,0,0
0,29,1210,2,3,1,78,2,2,2,0.207500061,3687,2,19,3,2,10,2,3,0,0,0,0
0,31,1463,23,3,2,64,2,2,4,0.014489064,14408,0,21,4,2,10,2,3,9,0,7,8
0,25,675,5,2,2,85,4,2,1,-0.273028259,18384,1,12,3,4,6,2,3,6,3,1,5
0,45,1385,20,2,3,79,3,4,4,-0.129502781,7501,0,14,3,2,21,2,3,20,7,4,10
0,36,1403,6,3,4,47,3,1,4,0.151811114,20251,0,11,3,3,16,4,3,15,13,10,11
0,55,452,1,3,4,81,3,5,1,-0.007650449,18938,0,14,3,3,37,2,3,36,10,4,13
1,47,666,29,4,1,88,3,3,2,0.20695686,10268,1,12,3,4,10,2,2,10,7,9,9
0,28,1158,9,3,4,94,3,1,4,-0.2572433,2613,1,23,4,4,5,3,2,5,2,0,4
0,37,228,6,4,3,98,3,2,4,0.181692565,22825,4,14,3,2,7,5,4,5,4,0,1
0,21,996,3,2,4,100,2,1,3,0.158987507,10531,1,17,3,1,3,4,4,3,2,1,0
0,37,728,1,4,1,80,3,3,4,0.385621923,11677,2,18,3,1,15,2,3,5,2,0,2
0,35,1315,22,3,2,71,4,3,2,0.2219305,19100,7,18,3,2,10,6,2,7,7,6,2
0,38,322,7,2,1,44,4,2,1,0.018669152,19191,1,24,4,3,8,3,3,8,0,7,7
0,26,1479,1,3,3,84,3,2,2,0.162609556,26767,1,20,4,1,6,6,1,6,5,1,4
0,50,797,4,1,1,96,3,5,2,-0.002492003,15815,3,14,3,1,28,4,2,10,4,1,6
0,53,1070,3,4,3,45,3,4,3,0.1341748,21016,3,16,3,4,21,5,2,5,3,1,3
0,42,635,1,1,2,99,3,2,3,-0.108187417,24532,1,25,4,3,20,3,3,20,16,11,6
0,29,442,2,2,2,44,3,2,4,-0.172342673,20260,1,18,3,1,10,3,2,10,7,0,9
0,55,147,20,2,2,37,3,2,4,-0.015862006,15972,3,19,3,4,12,4,3,10,7,0,8
0,26,496,11,2,1,60,3,2,1,-0.138356744,22722,1,13,3,3,5,3,3,5,3,3,3
0,37,1372,1,3,4,42,3,1,4,-0.241096415,15881,1,12,3,2,17,3,3,17,12,5,7
1,44,920,24,3,4,43,3,1,3,0.134228951,19920,3,22,4,4,19,0,1,1,0,0,0
0,38,688,23,4,4,82,3,2,4,0.044113163,18899,9,14,3,2,10,2,3,2,2,1,2
1,26,1449,16,4,1,45,3,1,2,-0.148520943,14180,2,13,3,4,5,2,3,3,2,0,2
0,28,1117,8,2,4,66,3,1,4,0.18769308,4488,1,21,4,4,5,3,3,5,3,0,2
0,49,636,10,4,3,35,3,5,1,-0.027450545,25594,9,11,3,4,22,4,3,3,2,1,2
0,36,506,3,3,3,30,3,2,2,-0.184882936,26285,4,12,3,4,10,2,3,8,0,7,7
0,31,444,5,3,4,84,3,1,2,0.000748037,3909,1,11,3,3,2,5,2,2,2,2,2
1,26,950,4,4,4,48,2,2,4,0.059197826,8450,1,12,3,2,8,0,3,8,7,7,4
0,37,889,9,3,2,53,3,1,4,-0.165385467,11411,1,12,3,3,4,3,2,4,2,1,2
0,42,555,26,3,3,77,3,4,2,-0.12763227,14864,5,14,3,4,23,2,4,20,4,4,8
1,18,230,3,3,3,54,3,1,3,-0.49047608,25233,1,13,3,3,0,2,3,0,0,0,0
0,35,1232,16,3,3,96,3,3,2,-0.183070806,5100,0,15,3,3,12,3,2,11,9,6,9
0,36,566,18,4,3,81,4,1,4,0.323326913,7122,4,18,3,4,4,2,3,1,0,0,0
0,51,1302,2,3,4,84,1,2,2,-0.003685229,16321,5,18,3,4,13,3,3,4,1,1,2
0,41,334,2,4,4,88,3,4,2,0.032973693,15896,1,19,3,2,22,2,3,22,10,0,4
0,18,812,10,3,4,69,2,1,3,-0.569416406,9724,1,12,3,1,0,2,3,0,0,0,0
0,28,1476,16,2,2,68,4,2,1,0.028846756,4824,0,19,3,3,9,2,3,8,3,0,7
0,31,218,7,3,2,100,4,2,4,0.259296798,12241,4,11,3,2,10,3,2,8,7,7,7
0,39,1132,1,3,3,48,4,3,4,-0.020805444,10942,0,17,3,1,19,5,2,18,10,3,7
0,36,1105,24,4,2,47,3,2,2,0.031209414,6927,7,15,3,3,11,3,3,9,8,0,8
0,32,906,7,3,4,91,2,2,3,-0.003321744,16985,1,14,3,3,13,3,2,13,8,4,8
0,38,849,25,2,1,81,2,3,2,0.228551497,26707,3,17,3,3,19,2,3,10,8,0,1
0,58,390,1,4,4,32,1,2,3,0.028665013,17056,2,13,3,4,12,2,3,5,3,1,2
0,31,691,5,4,3,86,3,1,4,0.729869589,10077,0,12,3,3,6,4,3,5,2,0,3
0,31,106,2,3,1,62,2,2,1,0.164972214,17822,3,12,3,4,9,1,3,2,2,1,0
0,45,1249,7,3,1,97,3,3,1,-0.469301609,20308,1,18,3,1,24,2,3,24,9,9,11
0,31,192,2,4,3,32,3,1,4,-0.032981012,7747,0,18,3,2,3,2,1,2,2,2,2
0,33,553,5,4,4,74,3,3,2,0.209910843,23364,6,11,3,2,12,2,3,10,6,8,8
0,39,117,10,1,3,99,3,4,1,0.1008926,5355,1,14,3,4,21,3,3,21,9,11,10
0,43,185,10,4,3,33,3,1,4,-0.11909773,10675,0,19,3,1,9,5,3,8,7,1,7
0,49,1091,1,2,3,90,2,4,3,-0.0993166,17810,7,12,3,4,25,2,3,7,1,0,7
1,52,723,8,4,3,85,2,2,2,-0.102008157,17747,2,15,3,1,11,3,2,8,2,7,7
0,27,1220,5,3,3,85,3,1,2,-0.110844878,20938,1,12,3,2,4,2,2,4,3,1,2
0,32,588,8,2,3,65,2,2,2,-0.049847935,24624,1,11,3,4,13,2,3,13,12,11,9
0,27,1377,2,3,4,74,3,2,3,-0.186155136,5242,1,11,3,1,5,3,3,5,4,0,4
0,31,691,7,3,4,73,3,2,4,0.371613932,7143,4,12,3,4,13,3,3,7,7,1,7
0,32,1018,2,4,1,74,4,2,4,-0.081289463,10557,7,16,3,3,10,0,2,7,7,0,7
1,28,1157,2,4,1,84,1,1,4,0.242951308,24737,5,13,3,4,5,4,2,3,2,2,2
0,30,1275,28,2,4,64,3,2,4,0.049565451,11934,1,13,3,4,11,2,3,10,8,1,9
0,31,798,7,2,3,48,2,3,3,-0.089052646,14034,1,24,4,1,10,2,3,10,9,8,9
0,39,672,7,2,3,54,2,5,4,0.004177503,21141,1,15,3,1,21,2,3,21,9,13,3
1,39,1162,3,2,4,41,3,2,3,-0.048030506,17778,4,18,3,1,12,3,2,1,0,0,0
0,33,508,10,3,2,46,2,2,4,-0.149079578,4317,3,14,3,3,9,6,2,7,7,0,1
0,47,1482,5,5,4,42,3,5,3,-0.046469058,16375,4,11,3,2,21,2,3,3,2,1,1
0,43,559,10,4,3,82,2,2,3,-0.04457739,6227,1,11,3,2,9,3,4,9,7,0,0
0,27,210,1,1,3,73,3,2,2,0.153885895,22107,0,13,3,4,6,0,3,5,4,1,4
0,54,928,20,4,4,31,3,2,3,-0.115093649,16885,3,12,3,4,20,4,2,4,3,0,3
0,43,1001,7,3,3,43,3,3,1,0.017087032,9262,8,16,3,1,10,1,2,1,0,0,0
0,45,549,8,4,4,75,3,2,4,-0.328096369,9278,9,14,3,1,12,3,3,10,9,9,8
0,40,1124,1,2,2,57,1,2,4,0.355257068,13273,2,22,4,3,6,2,2,4,3,0,2
1,29,318,8,4,2,77,1,1,1,-0.239661137,4759,1,11,3,4,7,4,2,7,7,0,7
0,29,738,9,5,2,30,2,1,4,0.429178713,7621,0,17,3,3,4,2,3,3,2,2,2
0,30,570,5,3,4,30,2,2,3,0.111903277,5431,1,13,3,3,10,2,3,10,9,1,2
0,27,1130,8,4,2,56,3,2,2,0.129350599,3415,1,18,3,1,8,3,3,8,7,0,7
0,37,1192,5,2,4,61,3,2,4,0.15352241,23177,7,16,3,3,8,2,2,6,2,0,4
0,38,343,15,2,3,92,2,3,4,0.172425813,15682,0,14,3,2,12,3,3,11,10,2,9
0,31,1232,7,4,3,39,3,3,4,-0.272403338,25713,1,14,3,3,11,2,2,11,9,4,10
0,29,144,10,1,4,39,2,2,2,0.502650588,11866,1,14,3,1,7,2,3,7,7,1,7
0,35,1296,5,4,3,62,3,3,2,-0.175431194,18264,0,13,3,4,17,5,3,16,6,0,13
0,23,1309,26,1,3,83,3,1,4,0.042012298,16092,1,12,3,3,4,2,2,4,2,0,2
0,41,483,6,3,4,95,2,2,2,0.096273385,10110,6,15,3,4,8,3,3,5,4,1,2
0,47,1309,4,1,2,99,3,2,3,-0.459133025,25751,3,19,3,1,5,3,3,0,0,0,0
0,42,810,23,5,1,44,3,4,4,0.031490184,15901,2,14,3,2,16,2,3,1,0,0,0
0,29,746,2,3,4,61,3,2,3,-0.155077094,16928,1,14,3,1,4,3,2,4,3,0,2
0,42,544,2,1,3,52,3,1,3,-0.032622192,24017,0,11,3,3,4,5,3,3,2,1,0
0,32,1062,2,3,3,75,3,1,2,-0.149597402,3956,1,13,3,3,8,4,3,8,0,0,7
0,48,530,29,1,1,91,3,3,3,0.273676139,23978,3,21,4,2,15,3,1,0,0,0,0
0,37,1319,6,3,3,51,4,2,1,0.085732295,17001,4,13,3,1,13,2,3,7,7,6,7
0,30,641,25,2,4,85,3,2,3,-0.139265459,6069,7,12,3,2,4,2,4,2,2,2,2
0,26,933,1,3,3,57,3,2,3,-0.037489415,20156,1,17,3,2,8,3,3,8,7,7,7
0,42,1332,2,4,1,98,2,2,4,0.232398843,17078,3,23,4,2,14,6,3,1,0,0,0
1,21,756,1,1,1,99,2,1,2,-0.219926055,9150,1,11,3,3,3,3,3,3,2,1,2
0,36,845,1,5,4,45,3,2,4,0.209135748,15276,4,15,3,2,7,6,3,1,0,0,0
0,36,541,3,4,1,48,2,3,4,-0.012045356,7246,4,11,3,1,16,2,3,13,9,1,12
0,57,593,1,4,4,88,3,2,3,0.227673527,2967,2,11,3,3,15,2,3,3,2,1,2
0,40,1171,10,4,4,46,4,1,3,-0.205932089,22495,3,13,3,3,10,3,3,7,7,1,7
0,21,895,9,2,1,39,3,1,4,-0.063480683,2851,1,24,4,3,3,3,2,3,2,2,2
1,33,350,5,3,4,34,3,1,3,0.022994856,9150,1,13,3,2,1,2,3,1,0,0,0
0,37,921,10,3,3,98,3,1,1,0.238645472,17663,6,20,4,2,17,3,3,5,4,0,3
0,46,1144,7,4,3,30,3,2,3,-0.044395647,16044,2,14,3,3,7,2,4,1,0,0,0
1,41,143,4,3,1,56,3,2,2,0.700205159,9558,1,18,3,3,8,5,3,8,7,7,7
0,50,1046,10,3,4,100,2,3,4,0.069138256,2755,6,15,3,4,20,2,3,4,3,1,3
1,40,575,22,2,3,68,2,2,3,0.159519926,6110,2,12,3,1,8,6,3,6,4,1,0
0,31,408,9,4,3,42,2,1,2,-0.046616159,7551,0,16,3,4,3,5,3,2,2,2,2
1,21,156,12,3,3,90,4,1,2,-0.025445799,25422,1,15,3,4,1,0,3,1,0,0,0
0,29,1283,23,3,4,54,3,1,4,-0.210237925,18168,9,16,3,4,6,4,3,3,2,1,2
0,35,755,9,4,3,97,2,2,2,0.188598796,19394,9,19,3,3,10,5,3,1,1,0,0
0,27,1469,1,2,4,82,3,1,2,0.369255829,17881,1,11,3,2,5,2,3,5,2,0,4
0,28,304,9,4,2,92,3,2,4,-0.045304362,20750,1,16,3,4,7,1,3,7,5,0,7
0,49,1261,7,3,2,31,2,3,3,0.116911298,12066,8,24,4,3,26,2,3,5,2,0,0
0,51,1178,14,2,3,87,3,2,4,-0.102916872,14862,4,11,3,3,18,2,2,7,7,0,7
0,36,329,2,3,4,96,3,1,3,-0.0875216,11868,4,13,3,2,6,3,3,2,2,2,2
1,34,1362,19,3,1,67,4,2,4,-0.036035472,4652,8,13,3,2,9,3,2,5,2,0,4
0,55,1311,2,3,3,97,3,4,4,0.074511942,23258,2,13,3,3,30,2,3,5,4,1,2
0,24,1371,10,4,4,77,3,2,3,-0.225775096,5915,1,12,3,4,5,2,4,5,2,0,3
0,30,202,2,1,3,72,3,1,2,-0.111562518,17434,1,18,3,1,1,3,3,1,0,0,0
1,26,575,3,1,3,73,3,1,1,0.113058591,6582,0,22,4,3,7,2,3,6,4,0,4
0,22,253,11,3,1,43,3,1,2,-0.194808679,24440,1,13,3,4,2,1,3,2,1,1,2
0,36,164,2,2,2,61,2,3,3,-0.22626008,3809,1,13,3,2,10,2,3,10,9,9,0
1,30,464,4,3,3,40,3,1,4,-0.180097073,3427,9,23,4,3,3,4,3,1,0,0,0
0,37,1107,14,3,4,95,3,1,1,0.088658854,26914,1,12,3,3,18,2,2,18,7,12,17
0,40,759,2,2,4,46,3,2,2,0.038660875,22553,7,12,3,3,8,5,3,5,4,1,3
0,42,201,1,4,2,95,3,1,1,-0.075680551,20490,3,16,3,2,8,5,3,5,2,1,2
0,37,1305,10,4,3,49,3,2,2,-0.237224901,21123,2,12,3,4,18,2,2,1,0,0,1
0,43,982,12,3,1,59,2,4,2,-0.075322456,4345,1,11,3,3,25,3,3,25,10,3,9
0,40,555,2,3,2,78,2,2,3,-0.37335036,13436,6,22,4,2,20,3,3,1,0,0,0
0,54,821,5,2,1,86,3,5,1,0.011159642,8509,4,11,3,3,24,4,2,4,2,1,2
0,34,1381,4,4,3,72,3,2,3,0.18823531,12740,9,15,3,1,6,3,3,3,2,1,2
0,31,480,7,2,2,31,3,2,1,-0.217414921,4156,1,12,3,2,13,5,1,13,10,3,12
0,43,313,21,3,4,61,3,1,4,-0.189785204,15238,7,20,4,1,8,1,3,3,2,1,2
0,43,1473,8,4,3,74,3,2,3,-0.178158447,2227,4,14,3,4,8,3,3,5,2,0,2
0,25,891,4,2,2,99,2,2,4,-0.18451945,12090,1,11,3,2,5,3,3,5,4,1,3
0,37,1063,25,5,2,72,3,2,3,-0.191425681,23866,3,15,3,1,15,2,3,13,11,10,7
0,31,329,1,2,4,98,2,1,1,-0.20413799,16193,1,12,3,3,4,3,3,4,2,3,2
0,39,1218,1,1,2,52,3,5,3,0.000269589,8213,1,14,3,3,21,3,3,21,8,1,6
0,56,906,6,3,3,86,4,4,1,-0.147820891,18256,9,11,3,4,36,0,2,7,7,7,7
0,30,1082,12,3,2,83,3,2,3,0.195323285,19558,0,11,3,2,6,6,3,5,4,4,4
0,41,645,1,3,2,49,4,3,1,-0.14517833,19566,1,16,3,3,10,2,3,10,7,0,7
0,28,1300,17,2,3,79,3,2,1,-0.171615702,13535,1,12,3,4,10,2,3,10,0,1,8
1,25,688,3,3,1,91,3,1,1,0.446402056,9396,5,13,3,3,6,5,3,2,2,0,2
0,52,319,3,3,4,39,2,3,3,-0.188265743,19609,2,14,3,3,28,4,3,5,4,0,4
0,45,192,10,2,1,69,3,1,4,-0.047692618,9655,3,21,4,4,8,3,2,2,2,0,2
0,52,1490,4,2,4,30,3,4,4,0.067803902,10310,2,13,3,4,31,2,1,5,2,1,4
0,42,532,29,2,1,92,3,2,3,-0.171979187,12932,2,11,3,2,19,3,3,5,4,0,2
0,30,317,2,3,3,43,1,2,4,0.106996218,24793,2,20,4,3,11,2,3,5,4,0,2
0,60,422,7,3,1,41,3,5,1,0.019496525,3854,5,11,3,4,33,5,1,29,8,11,10
0,46,1485,18,3,3,87,3,2,3,-0.125816482,26314,2,14,3,3,19,5,2,10,7,0,8
0,42,1368,28,4,4,88,2,2,4,-0.177976704,4386,0,11,3,4,7,4,4,6,5,0,4
1,24,1448,1,1,1,62,3,1,2,0.148940557,21972,1,16,3,2,6,4,3,5,3,1,4
1,34,296,6,2,4,33,1,1,3,-0.156414975,12253,0,16,3,4,3,3,2,2,2,1,0
0,38,1490,2,2,4,42,3,1,4,-0.389288936,12106,1,23,4,3,1,3,3,1,0,0,0
0,40,1398,2,4,3,79,3,5,3,-0.059964387,13022,0,14,3,4,21,2,3,20,15,1,12
0,26,1349,23,3,1,90,3,1,4,0.035553544,3032,1,22,4,2,3,3,1,3,2,0,2
0,30,1400,3,3,3,53,3,1,4,-0.247555169,16734,4,15,3,3,9,3,1,5,3,1,4
0,29,986,3,4,2,93,2,3,3,0.215716948,21526,1,18,3,3,10,2,3,10,2,0,7
1,29,408,25,5,3,71,2,1,2,-0.086445141,18300,5,16,3,2,6,2,4,2,2,1,1
1,19,489,2,2,1,52,2,1,4,-0.079986387,18437,1,12,3,3,1,3,4,1,0,0,0
0,30,1398,22,4,3,69,3,3,1,-0.1431411,2890,0,11,3,3,10,3,3,9,8,7,8
0,57,210,29,3,1,56,2,4,4,-0.089383541,22102,3,12,3,3,32,3,2,1,0,0,0
0,50,1099,29,4,2,88,2,4,3,0.099473592,9314,0,15,3,2,28,2,3,27,10,15,7
0,30,1116,2,3,3,49,3,1,4,-0.079986387,7181,0,14,3,3,12,2,2,11,7,6,7
0,60,1499,28,3,3,80,2,3,1,0.045710113,2845,4,19,3,4,22,5,4,18,13,13,11
0,47,983,2,2,1,65,3,2,4,-0.078563319,7389,5,13,3,3,20,2,3,5,0,0,4
0,46,1009,2,3,1,51,3,4,3,0.152041407,2288,6,13,3,3,26,2,1,3,2,0,1
0,35,144,22,3,4,46,1,1,3,0.517807169,19225,0,15,3,3,6,2,3,5,4,4,3
0,54,548,8,4,3,42,3,2,3,-0.313011705,23428,7,11,3,3,19,3,3,1,0,0,0
0,34,1303,2,4,4,62,2,1,3,-0.006787176,8416,3,12,3,3,14,3,3,7,3,5,7
0,46,1125,10,3,3,94,2,3,4,-0.076014375,11563,2,19,3,3,15,3,3,3,2,1,2
0,31,1274,9,1,3,33,3,3,2,0.084621204,14394,1,25,4,4,13,6,4,13,8,0,8
1,33,1277,15,1,2,56,3,3,3,0.386334953,24619,7,12,3,4,15,2,4,7,6,7,7
1,33,587,10,1,1,38,1,1,4,0.222857407,6705,7,13,3,1,8,2,3,4,3,1,3
0,30,413,7,1,4,57,3,1,2,0.070359051,18398,0,14,3,1,4,3,3,3,2,1,2
0,35,1276,16,3,4,72,3,3,3,-0.222593067,14295,4,12,3,3,10,2,3,8,7,0,0
1,31,534,20,3,1,66,3,3,3,0.000687332,22908,3,12,3,1,12,2,3,1,0,0,0
1,34,988,23,3,2,43,3,3,1,0.01352188,11533,9,15,3,3,11,2,3,3,2,0,2
0,42,1474,5,2,2,97,3,1,3,-0.248990448,9260,4,17,3,4,8,4,3,2,2,2,0
0,36,635,10,4,2,32,3,3,4,0.016577725,15318,1,14,3,4,10,3,2,10,3,9,7
1,22,1368,4,1,3,99,2,1,3,0.397243763,9129,5,16,3,3,4,3,3,2,2,1,2
0,48,163,2,5,2,37,3,2,4,-0.26375937,19658,2,14,3,1,14,2,3,9,7,6,7
0,55,1117,18,5,1,83,3,4,2,0.08586401,9873,3,23,4,4,37,2,3,10,9,7,7
0,41,267,10,2,4,56,3,2,4,0.132258486,13430,7,14,3,4,16,3,3,14,3,1,10
0,35,619,1,3,2,85,3,2,3,-0.142718575,18659,9,11,3,3,15,2,3,11,9,6,9
0,40,302,6,3,2,75,3,4,3,-0.146208381,20364,7,15,3,3,22,3,3,20,6,5,13
0,39,443,8,1,3,48,3,1,3,0.34736783,17872,1,11,3,1,8,3,3,8,3,0,7
0,31,828,2,1,2,77,3,2,4,0.196231999,8346,4,13,3,3,10,2,4,6,5,0,5
0,42,319,24,3,4,56,3,3,1,-0.245613765,6950,1,21,4,4,10,5,2,10,9,5,8
0,45,561,2,3,4,61,3,2,2,-0.126725197,16177,0,19,3,2,9,3,4,8,7,3,7
1,26,426,17,4,2,58,3,1,3,-0.016475307,22808,0,11,3,2,8,2,2,7,7,1,0
0,29,232,19,3,4,34,3,2,4,-0.22541161,22645,4,12,3,2,8,2,4,3,2,1,2
0,33,922,1,5,1,95,4,4,3,0.043874258,22578,4,19,3,3,10,2,3,6,1,0,5
0,31,688,7,3,3,44,2,3,4,0.177213303,25291,9,21,4,3,10,3,2,5,4,0,1
1,18,1306,5,3,2,69,3,1,2,-0.326136675,8059,1,14,3,4,0,3,3,0,0,0,0
0,40,1094,28,3,3,58,1,3,1,0.113549868,11373,3,15,3,3,20,2,3,1,0,0,1
0,41,509,2,4,1,62,2,2,3,0.237851131,2112,2,17,3,1,10,3,3,8,7,0,7
0,26,775,29,2,1,45,3,2,3,-0.217414921,4267,5,12,3,1,8,5,3,0,0,0,0
0,35,195,1,3,1,80,3,2,3,-0.116911078,6698,1,16,3,4,5,3,3,5,4,0,3
0,34,258,21,4,4,74,4,2,4,-0.030037955,19921,1,12,3,4,10,3,3,10,7,5,7
1,26,471,24,3,3,66,1,1,4,-0.160361992,23213,1,18,3,2,1,3,1,1,0,0,0
0,37,799,1,3,2,59,3,3,4,-0.236955538,23848,4,17,3,4,12,3,4,6,5,1,2
0,46,1034,18,1,1,86,3,3,3,0.072295963,8984,5,11,3,4,28,3,2,2,2,1,2
0,41,1276,2,5,2,91,3,4,1,0.070383917,5626,7,16,3,2,22,2,3,18,16,11,8
0,37,142,9,4,1,69,3,3,2,-0.100155549,24666,1,13,3,4,9,6,3,9,5,7,7
0,52,956,6,2,4,78,3,2,1,0.013580349,22087,3,12,3,2,18,3,3,10,9,6,9
1,32,1474,11,4,4,60,4,2,3,-0.144536004,23914,8,12,3,4,6,2,3,4,2,1,2
0,24,535,24,3,4,38,3,1,4,-0.138832812,5530,0,13,3,3,3,3,3,2,2,2,1
0,38,1495,10,3,3,76,3,2,3,0.785442595,22174,3,19,3,3,18,4,3,1,0,0,0
0,37,446,1,4,2,65,3,2,2,0.171696703,15701,6,12,3,2,8,2,2,6,5,4,3
0,49,1245,18,4,4,58,2,5,3,0.016161772,2125,1,17,3,3,31,5,3,31,9,0,9
0,24,691,23,3,2,89,4,1,4,-0.022216422,21630,1,11,3,2,6,3,3,6,5,1,4
0,26,703,28,2,1,66,3,2,2,0.139891689,7428,1,20,4,4,6,5,4,5,3,1,4
0,24,823,17,2,4,94,2,1,2,-0.23679058,9100,1,21,4,4,1,2,3,1,0,0,0
0,50,1246,3,3,1,99,3,5,2,-0.05167961,7999,1,11,3,3,32,2,3,32,5,10,7
0,25,622,13,1,2,40,3,1,3,-0.247913989,26376,1,11,3,3,7,1,3,7,4,0,6
1,24,1287,7,3,1,55,3,1,3,0.035553544,14168,1,16,3,4,6,4,3,6,3,1,2
1,30,448,12,4,2,74,2,1,1,-0.270519628,14470,1,18,3,3,1,2,4,1,0,0,0
0,34,254,1,2,2,83,2,1,4,0.299644815,22794,1,13,3,4,6,3,3,6,5,1,3
1,31,1365,13,4,2,46,3,2,1,-0.230682155,11512,2,17,3,3,9,2,1,3,1,1,2
0,35,538,25,2,1,54,2,2,4,-0.331004256,14004,4,14,3,4,9,3,3,3,2,0,2
0,31,525,6,4,1,66,4,2,4,-0.007683574,6219,4,22,4,4,13,4,4,7,7,5,7
0,27,798,6,4,1,66,2,1,3,-0.2152614,5013,0,12,3,3,6,5,2,5,3,0,3
0,37,558,2,3,4,75,3,2,3,0.745095664,3010,4,11,3,3,17,3,2,3,0,1,0
0,20,959,1,3,4,83,2,1,2,0.017612561,11757,1,13,3,4,1,0,4,1,0,0,0
0,42,622,2,4,3,81,3,2,4,-0.256853138,5718,1,13,3,2,10,4,3,10,2,2,2
0,43,782,6,4,2,50,2,4,4,0.07244793,2671,4,14,3,3,21,3,2,1,0,0,0
0,38,362,1,1,3,43,3,1,1,-0.060251306,14561,3,17,3,4,8,3,2,0,0,0,0
0,43,1001,9,5,4,72,3,2,3,0.032118129,19627,3,13,3,2,10,3,3,8,7,4,7
0,48,1236,1,4,4,40,2,4,1,-0.006565044,17997,7,11,3,1,21,3,1,3,2,0,2
0,44,1112,1,4,1,50,2,2,3,0.087731467,26894,4,11,3,2,10,1,4,2,2,0,2
0,34,204,14,3,3,31,3,1,3,-0.074604092,2912,1,18,3,4,8,3,3,8,2,0,6
1,27,1420,2,1,3,85,3,1,1,0.091170591,16346,0,11,3,2,5,3,3,4,3,0,2
0,21,1343,22,1,3,49,3,1,3,0.236851374,24444,1,11,3,3,3,2,3,3,2,1,2
0,44,1315,3,4,4,35,3,5,4,0.016734932,9358,4,12,3,1,26,2,4,2,2,0,1
0,22,604,6,1,1,69,3,1,3,-0.004993078,12145,0,20,4,4,3,3,3,2,2,2,2
0,33,1216,8,4,3,39,3,2,3,0.291101811,20431,0,12,3,4,6,3,3,5,0,1,2
0,32,646,9,4,1,92,3,2,4,0.148978836,18089,1,12,3,4,6,2,2,6,4,0,5
0,30,160,3,3,3,71,3,1,3,-0.252578645,22653,1,20,4,3,1,2,3,1,0,0,0
0,53,238,1,1,4,34,3,2,1,0.52318754,7507,7,20,4,4,18,2,4,14,7,8,10
0,34,1397,1,5,2,42,3,1,4,-0.03441629,7660,1,12,3,4,10,4,2,10,9,8,8
1,45,306,26,4,1,100,3,2,1,-0.22104978,5630,2,14,3,4,5,4,3,1,1,0,0
0,26,991,6,3,3,71,3,1,4,-0.04589852,17759,1,13,3,3,3,2,3,3,2,0,2
0,37,482,3,3,3,36,3,3,3,-0.039038652,9606,1,15,3,3,10,2,3,10,7,7,8
0,29,1176,3,2,2,62,3,2,3,0.010672463,3487,1,14,3,1,6,5,2,6,0,1,2
0,35,1017,6,4,2,82,1,2,4,0.207863547,19368,1,13,3,2,17,3,3,17,11,11,8
0,33,1296,6,3,3,30,3,2,4,0.403964174,5335,3,23,4,3,15,2,1,13,11,4,7
0,54,397,19,4,3,88,3,3,2,0.092464539,6729,2,15,3,3,16,1,4,9,7,7,1
0,36,913,9,2,2,48,2,2,2,0.607879747,13934,2,11,3,3,13,2,3,3,2,0,2
0,27,1115,3,4,1,54,2,1,4,-0.266213792,15174,0,13,3,4,5,0,3,4,2,1,1
1,20,1362,10,1,4,32,3,1,3,-0.637950961,26999,1,11,3,4,1,5,3,1,0,1,1
1,33,1076,3,3,1,70,3,1,1,0.201328228,3164,1,11,3,1,10,3,3,10,8,9,7
0,35,727,3,3,3,41,2,1,3,-0.540352013,16900,1,18,3,3,1,3,3,1,0,0,0
0,23,885,4,3,1,58,4,1,1,0.011512626,8544,2,16,3,1,5,3,4,3,2,0,2
0,25,810,8,3,4,57,4,2,2,-0.118365022,15678,0,22,4,3,4,4,3,3,2,1,2
0,38,243,7,4,4,46,2,2,4,-0.267939457,7791,0,20,4,1,8,2,3,7,7,0,5
0,29,806,1,4,2,76,1,1,4,-0.02401052,18959,1,18,3,4,10,5,3,10,7,2,8
0,48,817,2,1,2,56,4,2,2,0.475752634,18597,3,12,3,4,12,3,3,2,2,2,2
0,27,1410,3,1,4,71,4,2,4,-0.15544058,16673,1,20,4,2,6,3,3,6,5,0,4
0,37,1225,10,2,4,80,4,1,4,0.679276017,15232,3,17,3,1,4,2,3,1,0,0,0
0,50,1207,28,1,4,74,4,1,3,0.15575813,3297,1,11,3,3,20,3,3,20,8,3,8
0,34,1442,9,3,4,46,2,3,2,-0.121852048,17654,1,14,3,2,9,3,4,8,7,7,7
1,24,693,3,2,1,65,3,2,3,-0.168162586,24785,9,14,3,1,4,3,3,2,2,2,0
0,39,408,2,4,4,80,2,2,3,-0.172524416,20978,1,11,3,1,20,4,3,20,7,11,10
0,32,929,10,3,4,55,3,2,4,-0.019315122,21703,1,12,3,4,10,2,2,10,7,0,8
1,50,562,8,2,2,50,3,2,3,0.235124987,23452,3,14,3,1,18,4,3,4,3,1,3
0,38,827,1,4,2,33,4,2,4,0.385789881,19383,0,13,3,3,10,4,2,9,7,1,8
0,27,608,1,2,3,68,3,3,1,-0.245002596,6009,1,11,3,4,9,3,3,9,7,0,7
0,32,1018,3,2,3,39,3,3,4,0.136672428,19373,3,15,3,4,10,6,3,7,7,7,7
0,47,703,14,4,4,42,3,2,1,-0.098555042,11825,2,12,3,4,20,2,3,7,7,1,7
0,40,580,5,4,4,48,2,3,1,0.066999165,23772,5,21,4,3,20,2,3,18,13,1,12
0,53,970,7,3,3,59,4,4,3,-0.044491272,13514,3,19,3,3,32,3,3,5,1,1,3
0,41,427,10,4,2,73,2,5,4,-0.00264832,8861,3,15,3,2,23,2,2,21,6,12,6
0,60,1179,16,4,1,84,3,2,1,-0.017679435,11924,8,14,3,4,10,1,3,2,2,2,2
0,27,294,10,2,4,32,3,3,1,-0.10433187,4809,1,21,4,3,9,4,2,9,7,1,7
0,41,314,1,3,4,59,2,5,3,-0.000147255,19562,1,12,3,2,22,3,3,22,7,2,10
0,50,316,8,4,4,54,3,1,2,0.390426189,9983,7,15,3,4,4,2,3,2,2,2,2
1,28,654,1,2,1,67,1,1,2,-0.20485563,3872,7,13,3,4,10,4,3,7,7,3,7
0,36,427,8,3,1,63,4,3,1,0.193103696,20335,9,14,3,1,10,2,3,8,7,0,5
0,38,168,1,3,3,81,3,3,3,-0.199266784,15397,4,14,3,4,10,4,4,1,0,0,0
0,44,381,24,3,1,49,1,1,3,0.330503306,2104,2,14,3,3,9,5,3,5,2,1,4
0,47,217,3,3,4,49,3,4,3,-0.111829675,10225,9,12,3,4,28,2,2,22,2,11,13
0,30,501,27,5,3,99,3,2,4,-0.036035472,25275,7,23,4,4,10,2,2,8,7,7,7
0,29,1396,10,3,3,99,3,1,3,-0.051998454,2755,1,11,3,3,1,6,3,1,0,0,0
1,42,933,19,3,3,57,4,1,3,-0.010016553,20366,6,12,3,4,7,2,3,2,2,2,2
0,43,775,15,3,4,47,2,2,4,0.236578931,23683,3,18,3,3,7,5,3,2,2,2,2
0,34,970,8,2,2,96,3,2,3,0.116265108,7360,3,11,3,4,10,2,3,5,1,4,3
0,23,650,9,1,2,37,3,1,1,-0.102950846,4344,1,14,3,4,5,2,4,4,3,0,2
0,39,141,3,3,3,44,4,2,2,0.161155613,18767,9,15,3,3,12,3,1,8,3,3,6
0,56,832,9,3,3,81,3,4,4,-0.283852207,20420,7,11,3,3,30,1,2,10,7,1,1
0,40,804,2,1,4,86,2,1,4,-0.159644352,22929,0,20,4,4,5,2,2,4,2,2,3
0,27,975,7,3,4,55,2,2,1,0.237851131,23398,8,19,3,1,9,2,1,7,6,0,7
0,29,1090,10,3,4,83,3,1,2,-0.175791237,17967,1,14,3,4,2,2,3,2,2,2,2
0,53,346,6,3,4,86,3,2,4,-0.554729809,10919,2,17,3,4,19,4,3,2,2,2,2
0,35,1225,2,4,4,61,3,2,1,-0.074383231,4761,2,11,3,1,16,2,4,1,0,0,0
0,32,430,24,4,1,80,3,2,4,-0.035126757,21146,1,15,3,4,10,2,3,10,8,4,7
0,38,268,2,5,4,92,3,1,3,0.096911706,20471,6,13,3,2,6,0,1,1,0,0,1
0,34,167,8,5,2,32,3,2,1,-0.069294429,4187,3,14,3,3,7,3,3,0,0,0,0
0,52,621,3,4,3,31,2,4,1,0.087218518,10084,1,11,3,1,34,3,4,34,6,1,16
1,33,527,1,4,4,63,3,1,4,-0.036210389,5207,1,13,3,3,10,2,2,10,9,7,8
0,25,883,26,1,3,32,3,2,4,0.123171339,22807,1,23,4,2,6,5,2,6,5,1,4
0,45,954,2,2,2,46,1,2,3,0.205319146,12388,0,13,3,1,9,3,3,8,7,3,1
0,23,310,10,1,1,79,4,1,3,0.257662914,19630,1,18,3,4,2,3,3,2,2,0,2
1,47,719,27,2,2,77,4,2,3,0.162609556,10339,4,12,3,4,8,2,3,5,4,1,3
0,34,304,2,3,4,60,3,2,4,0.140255175,18686,1,22,4,3,6,5,3,6,5,1,4
1,55,725,2,3,4,78,3,5,1,0.034763441,21199,5,13,3,4,24,2,3,5,2,1,4
0,36,1434,8,4,1,76,2,3,1,-0.227176834,14229,1,15,3,2,10,1,3,10,7,0,9
0,52,715,19,4,4,41,3,1,4,0.52785412,26589,0,18,3,1,5,3,3,4,3,1,2
0,26,575,1,2,1,71,1,1,4,0.565889004,5288,3,14,3,1,5,2,3,2,2,2,0
0,29,657,27,3,2,66,3,2,3,-0.212144376,25549,4,12,3,1,11,3,2,8,7,1,1
1,26,1146,8,3,4,38,2,2,1,-0.032037127,3064,6,17,3,3,6,2,2,4,3,1,2
0,34,182,1,4,2,72,4,1,4,0.176928491,13551,2,16,3,3,10,2,3,4,2,1,3
0,54,376,19,4,4,95,3,2,1,-0.003140001,22670,9,11,3,2,9,4,3,5,3,1,4
0,27,829,8,1,3,84,3,2,4,-0.210872176,24008,0,19,3,2,5,3,3,4,2,1,1
0,37,571,10,1,4,82,3,1,1,-0.001763701,19905,0,13,3,2,6,3,2,5,3,4,3
0,38,240,2,4,1,75,4,2,1,0.086822752,26085,6,12,3,4,17,2,3,15,7,4,12
0,34,121,2,4,3,86,2,1,1,0.571988938,7530,1,11,3,3,6,3,3,6,5,1,3
0,35,384,8,4,1,72,3,1,4,-0.07711583,20317,1,16,3,2,3,1,2,3,2,0,2
0,30,921,1,3,4,38,1,1,3,0.375355763,24375,3,21,4,3,7,2,3,2,2,0,2
0,40,791,2,2,3,38,4,2,2,-0.228682983,9931,1,24,4,4,8,2,3,8,7,3,7
0,34,1111,8,2,3,93,3,2,1,0.181329079,13305,5,17,3,2,6,1,3,3,2,1,2
0,42,570,8,3,2,66,3,5,4,-0.039695341,16225,1,13,3,2,24,4,2,24,7,14,9
1,23,1243,6,3,3,63,4,1,1,-0.425529722,3445,1,21,4,3,1,2,3,0,0,0,0
0,24,1092,9,3,3,60,2,1,2,-0.033339831,26551,1,11,3,3,1,4,3,1,0,0,0
0,52,1325,11,4,4,82,3,2,3,-0.427691497,21821,8,20,4,2,9,3,3,5,2,1,4
0,50,691,2,3,3,64,3,4,3,0.137722321,6881,5,16,3,4,30,3,3,4,3,0,3
1,29,805,1,2,2,36,2,1,1,-0.167897204,6689,1,11,3,4,1,1,3,1,0,0,0
0,33,213,7,3,3,49,3,3,3,0.190862744,25995,0,11,3,4,14,3,4,13,9,3,7
1,33,118,16,3,1,69,3,2,1,-0.032400613,26507,5,15,3,3,6,3,3,3,2,0,2
0,47,202,2,2,3,33,3,4,4,0.080510478,12982,1,11,3,3,26,3,2,26,14,3,0
0,36,676,1,3,3,35,3,2,2,-0.049847935,23361,0,15,3,1,10,2,3,9,7,0,5
0,29,1252,23,2,3,81,4,1,3,-0.031186913,23779,1,24,4,3,10,3,3,10,7,0,7
1,58,286,2,4,4,31,3,5,2,0.00282276,25761,7,12,3,4,40,2,3,31,15,13,8
0,35,1258,1,4,4,40,4,1,3,-0.100797928,13301,3,13,3,3,7,0,3,2,2,2,2
0,42,932,1,2,4,43,2,2,4,0.101725673,4051,9,13,3,4,8,4,3,4,3,0,2
1,28,890,2,4,3,46,3,1,3,0.572347758,16374,6,17,3,4,5,3,2,2,2,2,1
0,36,1041,13,3,3,36,3,1,2,-0.231049465,25527,4,13,3,2,8,2,3,5,2,0,4
0,32,859,4,3,3,98,2,2,3,0.119899967,19124,1,12,3,3,14,3,3,14,13,6,8
0,40,720,16,4,1,51,2,2,3,-0.074201488,11983,6,14,3,4,10,6,3,1,0,0,0
0,30,946,2,3,3,52,2,2,4,0.249846165,20234,5,24,4,2,12,4,2,0,0,0,0
0,45,252,2,3,2,95,2,1,3,-0.184044089,6153,1,14,3,4,1,3,3,1,0,0,0
0,42,933,29,3,2,98,3,2,2,-0.194151826,11806,1,13,3,4,10,3,2,9,8,7,8
0,38,471,12,3,1,45,2,2,1,0.142799576,4284,2,15,3,3,13,3,2,4,3,1,2
0,34,702,16,4,3,100,2,1,4,-0.083933404,8306,1,16,3,3,6,3,3,5,2,1,3
1,49,1184,11,3,3,43,3,3,4,-0.220352114,5860,1,18,3,1,9,3,4,9,8,7,7
1,55,436,2,1,3,37,3,2,4,-0.062206455,21519,4,16,3,3,12,3,2,9,7,7,3
0,43,589,14,2,2,94,3,4,1,0.106762135,5200,6,24,4,3,22,3,3,4,1,1,0
0,27,269,5,1,3,42,2,3,4,0.304642034,8842,1,16,3,2,9,3,3,9,8,0,8
0,35,950,7,3,3,59,3,3,3,0.041126345,18869,3,21,4,2,17,3,4,8,5,1,6
0,28,760,2,4,2,81,3,2,2,-0.131450513,3698,1,20,4,1,8,2,3,8,7,7,5
0,34,829,3,2,3,88,3,1,4,0.340909076,2243,0,19,3,3,4,1,1,3,2,0,2
1,26,887,5,2,3,88,2,1,3,-0.15103268,20898,1,14,3,1,8,2,3,8,7,1,7
0,27,443,3,3,4,50,3,1,4,-0.387853657,16571,1,11,3,3,0,6,2,0,0,0,0
0,51,1318,26,4,1,66,3,4,3,0.051807806,5594,2,14,3,3,29,2,2,20,6,4,17
0,44,625,4,3,4,50,3,2,2,0.078280834,5197,9,12,3,4,10,2,2,5,2,2,3
0,25,180,2,1,1,65,4,1,1,0.228598522,21632,7,13,3,3,6,3,2,4,3,0,1
0,33,586,1,3,1,48,4,2,1,-0.266303771,21816,1,22,4,1,9,5,3,9,8,0,8
0,35,1343,27,1,3,53,2,1,1,-0.081780486,17852,1,11,3,4,6,3,2,6,5,1,1
0,36,928,1,2,2,56,3,2,4,0.126987941,2823,1,14,3,4,18,1,2,18,14,4,11
0,32,117,13,4,2,73,3,2,4,-0.199785857,9250,2,11,3,3,8,3,2,5,2,0,3
0,30,1012,5,4,2,75,2,1,4,0.349520748,2373,9,12,3,2,10,3,2,5,4,0,3
0,53,661,7,2,1,78,2,3,4,0.113753591,20715,7,18,3,4,35,3,3,5,2,0,4
0,45,930,9,3,4,74,3,3,1,0.096131553,19239,4,12,3,3,18,2,3,5,4,0,2
0,32,638,8,2,3,91,4,2,3,-0.059480311,22162,5,12,3,3,9,3,2,5,3,1,3
0,52,890,25,4,3,81,2,4,4,-0.108217654,19028,3,22,4,3,31,3,3,9,8,0,0
0,37,342,16,4,4,66,2,2,3,0.151159751,24558,4,19,3,4,9,2,3,1,0,0,0
0,28,1169,8,2,2,63,2,1,4,0.77113385,23965,1,13,3,4,6,6,3,5,1,0,4
0,22,1230,1,2,4,33,2,2,4,-0.132177485,19146,6,22,4,1,4,2,1,2,2,2,2
0,44,986,8,4,1,62,4,1,4,0.011153807,5044,2,24,4,3,10,2,2,3,2,0,2
0,42,1271,2,1,2,35,3,1,4,-0.097568551,9068,5,14,3,4,8,2,3,2,1,2,2
0,36,1278,8,3,1,77,2,1,1,-0.159644352,8635,0,21,4,3,6,3,3,5,4,0,3
0,25,141,3,1,3,98,3,2,1,-0.23777013,14363,1,18,3,4,5,3,3,5,3,0,3
0,35,607,9,3,4,66,2,3,3,0.088390079,23457,1,20,4,2,17,2,3,17,14,5,15
1,35,130,25,4,4,96,3,1,2,-0.274466644,16612,1,19,3,1,10,3,2,10,2,7,8
0,32,300,1,3,4,61,3,1,4,-0.169691303,9148,0,12,3,2,4,2,3,3,0,0,2
0,25,583,4,1,3,87,2,2,1,-0.226502068,18154,1,12,3,1,5,1,4,5,2,0,3
0,49,1418,1,3,3,36,3,1,1,0.284574389,10554,2,16,3,2,7,2,3,4,2,0,2
0,24,1269,4,1,1,46,2,1,4,0.13458777,10778,0,17,3,4,6,2,2,5,2,3,4
0,32,379,5,2,2,48,3,2,2,0.185690909,8891,1,14,3,4,10,3,3,10,8,5,3
0,38,395,9,3,2,98,2,1,2,0.040218199,12102,0,19,3,4,3,3,3,2,2,1,2
0,42,1265,3,3,3,95,4,2,4,-0.049302706,23726,2,13,3,2,17,1,2,5,3,1,3
0,31,1222,11,4,4,48,3,1,4,-0.154620877,14871,3,19,3,2,8,2,3,6,4,0,2
1,29,341,1,3,2,48,2,1,3,0.004695053,23522,6,19,3,3,5,3,3,3,2,0,2
0,53,868,8,3,1,73,3,4,4,-0.236573423,22789,5,14,3,3,28,3,3,2,0,2,2
0,35,672,25,3,4,78,2,3,2,0.110595885,9129,3,16,3,1,16,2,3,13,10,4,8
0,37,1231,21,2,3,54,3,1,4,0.066770854,21222,5,15,3,2,10,3,3,5,4,0,0
0,53,102,23,4,4,72,3,4,4,-0.07925698,20206,6,18,3,3,33,0,3,12,9,3,8
0,43,422,1,3,4,33,3,2,4,0.010854205,21782,4,13,3,2,12,2,2,5,2,2,2
0,47,249,2,2,3,35,3,2,4,-0.175432303,17783,0,22,4,1,8,2,3,7,6,7,7
0,37,1252,19,2,1,32,3,3,2,-0.221574452,4814,1,13,3,4,10,2,3,10,0,0,9
0,50,881,2,4,1,98,3,4,1,0.156104931,4544,1,11,3,4,31,3,3,31,6,14,7
0,39,1383,2,3,4,42,2,2,4,-0.054209765,7790,8,11,3,3,13,2,3,5,4,0,4
0,33,1075,3,2,4,57,3,1,2,-0.18296763,22650,3,11,3,3,7,4,4,4,3,0,3
1,32,374,25,4,1,87,3,1,4,0.002900955,18016,1,24,4,3,1,2,1,1,0,0,1
0,29,1086,7,1,1,62,2,1,4,-0.091468617,6054,6,14,3,3,8,5,3,4,3,0,3
0,44,661,9,2,2,61,3,1,1,-0.081780486,7508,1,13,3,4,8,0,3,8,7,7,1
0,28,821,5,4,1,98,3,2,4,-0.108005674,24252,1,14,3,2,4,3,3,4,2,0,2
1,58,781,2,1,4,57,2,1,4,-0.146009205,13384,9,14,3,4,3,3,2,1,0,0,0
0,43,177,8,3,1,55,3,2,2,-0.133994914,23814,4,21,4,3,4,2,4,1,0,0,0
1,20,500,2,3,3,49,2,1,3,-0.266572611,22052,1,13,3,4,2,3,2,2,2,0,2
1,21,1427,18,1,4,65,3,1,4,-0.033698651,8870,1,19,3,1,1,3,2,1,0,0,0
0,36,1425,14,1,3,68,3,2,4,0.196958971,4821,0,17,3,1,17,2,2,16,8,4,11
0,47,1454,2,4,4,65,2,1,4,0.181951966,13137,1,18,3,1,3,3,2,3,2,1,2
1,22,617,3,1,2,34,3,2,3,-0.241950217,10022,0,19,3,1,4,3,4,3,2,0,2
1,41,1085,2,4,2,57,1,1,4,-0.00319898,17725,4,13,3,3,10,1,2,7,7,1,0
0,28,995,9,3,3,77,3,1,3,-0.147085664,9834,5,18,3,2,6,2,3,2,2,2,2
1,39,1122,6,3,4,70,3,1,1,-0.137397533,4303,7,21,4,4,8,2,1,2,2,2,2
0,27,618,4,3,2,76,3,1,3,-0.168256024,17808,1,19,3,3,1,2,3,1,1,0,0
0,34,546,10,3,2,83,3,1,2,-0.279490119,6896,1,14,3,2,1,3,3,1,0,1,0
0,42,462,14,2,3,68,2,2,3,0.134802887,7824,7,17,3,1,10,6,3,5,4,0,3
0,33,1198,1,4,3,100,2,1,1,0.004336233,3339,3,11,3,2,6,1,3,3,2,0,2
0,58,1272,5,3,3,37,2,3,2,0.0748425,9255,2,13,3,4,24,3,3,6,0,0,4
0,31,154,7,4,2,41,2,1,3,-0.164309008,11737,3,15,3,2,13,2,4,7,7,5,2
0,35,1137,21,1,4,51,3,2,4,-0.270483858,19170,1,25,4,4,10,2,1,10,6,0,7
0,49,527,8,2,1,51,3,3,2,-0.245919349,22477,4,11,3,3,29,3,2,26,9,1,7
0,48,1469,20,4,4,51,3,1,3,-0.189426384,5543,4,17,3,1,13,2,2,0,0,0,0
0,31,1188,20,2,4,45,3,2,3,0.259842027,24406,1,13,3,4,9,2,2,9,8,0,0
0,36,188,7,4,2,65,3,1,4,0.678558378,23293,2,18,3,3,8,6,3,6,2,0,1
0,38,1333,1,3,4,80,3,3,1,0.383482831,16292,1,13,3,2,15,3,3,15,12,5,11
0,32,1184,1,3,3,70,2,1,2,-0.163232549,3974,6,20,4,3,5,3,3,3,0,0,2
1,25,867,19,2,3,36,2,1,2,-0.134168156,18798,1,18,3,3,1,2,3,1,0,0,0
0,40,658,10,4,1,67,2,3,2,-0.011434187,20652,2,12,3,2,11,2,2,1,0,0,0
0,26,1283,1,3,3,52,2,2,1,-0.219595836,11148,1,12,3,2,7,2,3,7,7,0,7
0,41,263,6,3,4,59,3,1,1,0.693987623,3119,2,13,3,3,20,3,3,18,13,2,17
0,36,938,2,4,3,79,3,1,3,-0.096133272,12287,4,21,4,3,16,6,3,11,8,3,9
1,19,419,21,3,4,37,2,1,2,-0.238943498,9947,1,13,3,2,1,3,4,1,0,0,0
1,20,129,4,3,1,84,3,1,1,0.066770854,13008,1,19,3,2,1,2,3,1,0,0,0
0,31,616,12,3,4,41,3,2,4,0.064104885,17369,0,11,3,3,10,2,1,9,7,8,5
0,40,1469,9,4,4,35,3,1,2,0.297850717,25063,8,14,3,4,3,2,3,1,1,0,0
0,32,498,3,4,3,93,3,2,1,0.222221239,13554,1,12,3,3,8,2,4,8,7,6,3
1,36,530,3,1,3,51,2,3,4,0.051719941,5518,1,11,3,1,16,6,3,16,7,3,7
0,33,1069,1,3,2,42,2,2,4,0.262931657,12291,0,14,3,1,6,3,3,5,0,1,4
1,37,625,1,4,1,46,2,3,3,0.080648605,14922,5,11,3,3,17,2,1,14,1,11,7
0,45,805,4,2,3,57,3,2,2,-0.191789167,23163,1,12,3,2,9,5,2,9,7,0,8
0,29,1404,20,3,3,84,3,1,4,-0.22602599,18203,1,15,3,2,3,5,3,3,1,0,2
0,35,1219,18,3,3,86,3,2,3,-0.163800755,6179,1,16,3,2,5,3,3,5,2,1,0
0,52,1053,1,2,4,70,3,4,4,0.102892112,13829,2,15,3,2,26,2,2,9,8,7,8
1,58,289,2,3,4,51,3,1,3,-0.110486059,26227,4,24,4,1,7,4,3,1,0,0,0
0,53,1376,2,2,3,45,3,4,3,-0.042040257,13938,6,13,3,3,22,3,4,17,13,15,2
0,30,231,8,2,3,62,3,3,3,-0.260078097,9977,5,11,3,1,10,2,4,8,4,7,7
0,38,152,10,3,3,85,3,2,4,0.029755471,19899,1,13,3,2,6,1,3,5,3,1,3
0,35,882,3,4,4,92,3,3,4,-0.203137521,6812,6,13,3,2,12,2,3,10,9,0,8
0,39,903,2,5,1,41,4,3,3,-0.197331416,2560,0,18,3,4,9,3,3,8,7,0,7
1,40,1479,24,3,2,100,4,4,2,-0.148981898,17071,4,16,3,4,22,2,2,1,0,0,0
0,47,1379,16,4,3,64,4,2,3,-0.079108548,6759,1,19,3,3,20,3,4,19,10,2,7
0,36,1229,8,4,1,84,3,2,4,-0.076927632,25952,4,13,3,4,12,3,3,7,7,0,7
1,31,335,9,2,3,46,2,1,1,-0.167179565,10322,0,22,4,1,4,0,3,3,2,1,2
0,33,722,17,3,4,38,3,4,3,0.125144746,20489,1,11,3,4,10,2,3,10,8,6,0
1,29,906,10,3,4,92,2,1,1,-0.137397533,11479,6,20,4,3,3,5,3,0,0,0,0
0,33,461,13,1,2,53,3,1,4,0.238645472,17241,3,18,3,1,5,4,3,3,2,0,2
0,45,974,1,4,4,91,3,1,4,-0.185479368,11005,3,14,3,4,8,2,3,5,3,0,2
0,50,1126,1,2,4,66,3,4,4,0.122242228,6615,9,22,4,3,32,1,2,5,4,1,3
0,33,827,1,4,3,84,4,2,2,-0.002594772,20161,1,13,3,1,6,2,3,6,5,1,2
0,41,840,9,3,1,64,3,5,3,0.011837014,3735,2,17,3,2,21,2,4,18,16,0,11
0,27,1134,16,4,3,37,3,1,2,0.008642069,12086,9,14,3,2,4,2,3,2,2,2,2
0,45,248,23,2,4,42,3,2,1,-0.339727917,14039,1,15,3,3,9,2,3,9,8,0,8
0,47,955,4,2,4,83,3,2,4,-0.243404161,8571,1,17,3,3,9,0,3,9,0,0,7
1,30,138,22,3,1,48,3,1,3,-0.234996481,11539,4,11,3,2,7,2,3,5,2,0,1
0,50,939,24,3,4,95,3,4,3,-0.098736097,4161,3,18,3,4,22,2,3,12,11,1,5
0,38,1391,10,1,3,66,3,1,3,-0.036928028,12127,0,17,3,2,3,0,2,2,1,0,2
0,46,566,7,2,4,75,3,3,3,0.104687918,24208,6,13,3,2,13,3,3,8,7,0,7
0,24,1206,17,1,4,41,2,2,3,-0.204511173,24117,1,15,3,2,5,6,3,4,2,3,2
1,35,622,14,4,3,39,2,1,2,0.343061994,10074,1,24,4,4,5,2,1,4,2,0,2
0,31,853,1,1,3,96,3,2,1,-0.246130305,11275,1,12,3,3,4,1,3,4,3,0,3
0,18,287,5,2,2,73,3,1,4,-0.622880536,13493,1,15,3,4,0,2,3,0,0,0,0
0,54,1441,17,3,3,56,3,3,3,0.0938906,13943,8,11,3,3,22,2,3,10,7,0,8
0,35,583,25,4,3,57,3,3,3,0.058137215,6975,1,11,3,3,16,3,2,16,10,10,1
0,30,153,8,2,2,73,4,3,1,0.162850832,17802,0,12,3,3,9,4,2,8,7,1,7
1,20,1097,11,3,4,98,2,1,1,-0.06706888,18275,1,15,3,1,1,2,3,1,0,0,0
1,30,109,5,3,2,60,3,1,2,-0.130938779,25725,0,17,3,1,4,3,3,3,2,1,2
0,26,1066,2,2,4,32,4,2,4,-0.005502659,3334,1,12,3,2,8,2,3,8,7,1,3
0,22,217,8,1,2,94,1,1,1,-0.120533009,6881,1,15,3,1,4,3,2,4,3,1,1
0,48,277,6,3,1,97,2,2,3,-0.229409955,13119,2,13,3,4,19,0,3,2,2,2,2
0,48,1355,4,4,3,78,2,3,3,0.120374589,22245,7,14,3,2,27,3,3,15,11,4,8
0,41,549,7,2,4,42,3,2,3,-0.090740095,23371,6,14,3,2,8,6,3,2,2,2,1
0,39,466,1,1,4,65,2,4,4,-0.178136073,7060,1,16,3,3,21,3,3,21,6,11,8
0,27,1055,2,4,1,47,3,2,4,-0.231772613,4658,0,18,3,2,4,2,3,3,2,2,2
0,35,802,10,3,2,45,3,1,4,0.405496615,9541,1,20,4,1,3,4,2,3,2,1,2
0,42,265,5,2,4,90,3,5,3,-0.046312742,7770,6,13,3,2,21,3,4,1,0,0,0
0,50,804,9,3,1,64,3,1,4,-0.146009205,20165,4,18,3,2,8,5,3,1,0,0,0
0,59,715,2,3,3,69,2,4,4,-0.114667692,21829,3,13,3,1,30,4,3,5,3,4,3
1,37,1141,11,2,1,61,1,2,2,-0.131813999,14382,5,15,3,1,15,2,1,1,0,0,0
0,55,135,18,4,3,62,3,2,2,0.160428641,12992,3,14,3,4,17,3,3,8,7,6,7
0,41,247,7,1,2,55,1,5,3,0.04070347,20284,1,22,4,2,21,3,3,21,16,5,10
0,38,1035,3,4,2,42,3,2,4,0.246938278,4981,8,12,3,3,19,1,3,1,0,0,0
1,26,265,29,2,2,79,1,2,1,-0.096919355,21813,8,18,3,4,7,6,3,2,2,2,2
1,52,266,2,1,1,57,1,5,4,0.034033964,25846,1,15,3,4,33,3,3,32,14,6,9
0,44,1448,28,3,4,53,4,4,4,-0.140854849,11737,3,18,3,3,23,2,3,12,11,11,11
0,50,145,1,3,4,95,3,2,3,0.15352241,24920,0,12,3,1,19,3,3,18,7,0,13
1,36,885,16,4,3,43,4,1,1,-0.015757668,8269,1,16,3,3,18,1,3,17,13,15,14
0,39,945,22,3,4,82,3,3,1,0.108253071,5083,1,13,3,3,21,2,3,21,6,2,8
0,33,1038,8,1,2,88,2,1,4,-0.159644352,21437,0,19,3,4,3,2,2,2,2,2,2
0,45,1234,11,2,4,90,3,4,4,0.138431825,5404,3,13,3,2,26,4,4,9,3,1,1
0,32,1109,29,4,4,69,3,1,3,0.444249139,11135,9,12,3,2,10,2,3,8,7,7,7
0,34,216,1,4,2,75,4,2,4,0.767450045,12278,0,11,3,4,16,2,2,15,1,0,9
0,59,1089,1,2,2,66,3,3,4,0.212559242,11038,3,14,3,3,14,1,1,6,4,0,4
0,45,788,24,4,2,36,3,1,2,-0.218849596,8318,1,16,3,1,6,3,3,6,3,0,4
0,53,124,2,3,3,38,2,3,2,-0.233492247,23537,2,12,3,1,30,2,3,15,7,6,12
1,36,660,15,3,1,81,3,2,3,-0.121454651,7858,7,14,3,2,9,3,2,1,0,0,0
1,26,342,2,3,1,57,3,1,1,-0.267290251,15346,6,14,3,2,6,2,3,3,2,1,2
0,34,1333,10,4,3,87,3,1,3,-0.203420351,18410,1,19,3,4,1,2,3,1,1,0,0
0,28,1144,10,1,4,74,3,1,2,-0.622521716,23384,1,22,4,2,1,5,3,1,0,0,0
0,38,1186,3,4,3,44,3,1,3,0.012230266,2997,3,16,3,1,8,2,3,2,2,2,2
0,50,1464,2,4,2,62,3,5,3,0.00235381,12853,2,11,3,4,29,2,2,8,1,7,7
0,37,124,3,3,4,35,3,2,2,-0.253581765,13848,3,15,3,1,8,3,2,4,3,0,1
0,40,300,26,3,3,74,3,2,1,0.525913684,22217,1,14,3,2,8,3,2,7,7,7,5
0,26,921,1,1,1,66,2,1,3,-0.279848939,25265,1,13,3,3,5,5,3,5,3,1,3
0,46,430,1,4,4,40,3,5,4,0.022674961,21445,9,17,3,4,23,0,3,2,2,2,2
0,54,1082,2,4,3,41,2,3,3,0.088491941,8392,6,11,3,2,13,4,3,9,4,7,0
0,56,1240,9,3,1,63,3,1,3,0.055647445,12154,2,19,3,2,18,4,3,5,4,0,3
0,36,796,12,5,4,51,2,3,4,-0.097710873,15669,0,11,3,2,15,2,2,14,8,7,8
0,55,444,2,1,3,40,2,4,1,0.08076848,17323,7,15,3,2,31,3,4,9,7,6,2
0,43,415,25,3,3,79,2,3,4,0.099900428,5268,5,13,3,3,18,5,3,1,0,0,0
1,20,769,9,3,4,54,3,1,4,-0.166461926,17205,1,14,3,2,2,3,3,2,2,0,2
1,21,1334,10,3,3,36,2,1,1,-0.491911359,17258,1,13,3,1,1,6,2,1,0,1,0
0,46,1003,8,4,4,74,2,2,1,-0.161256354,21029,8,23,4,1,19,2,3,16,13,1,7
1,51,1323,4,4,1,34,3,1,3,-0.116944813,10332,9,12,3,3,18,2,4,10,0,2,7
1,28,1366,24,2,2,72,2,3,1,-0.111564037,12355,1,12,3,1,10,2,2,10,7,1,9
0,26,192,1,2,1,59,2,1,1,0.419131762,11141,1,16,3,1,6,2,3,5,3,1,3
0,30,1176,20,3,3,85,3,2,1,0.809614406,9096,0,15,3,3,7,1,2,6,2,0,2
0,41,509,7,2,2,43,4,1,3,0.211375178,18863,1,13,3,3,10,3,3,10,6,0,8
0,38,330,17,1,3,65,2,3,3,-0.101276026,24608,0,18,3,1,20,4,2,19,9,1,9
0,40,1492,20,4,1,61,3,3,4,0.051414356,26542,4,20,4,4,14,6,3,11,10,11,1
0,27,1277,8,5,1,87,1,1,3,0.658105657,5869,1,19,3,4,3,4,3,3,2,1,2
0,55,1091,2,1,4,65,3,3,2,0.118031774,15813,3,18,3,2,23,4,3,3,2,1,2
0,28,857,10,3,3,59,3,2,3,-0.334820857,7909,3,13,3,4,10,4,4,8,7,1,7
1,44,1376,1,2,2,91,2,3,1,0.067712196,2326,9,14,3,4,24,1,3,20,6,3,6
0,33,654,5,3,4,34,2,3,4,-0.274848014,21214,4,15,3,3,9,2,3,3,2,1,2
1,35,1204,4,3,4,86,3,3,1,-0.02396315,10333,0,22,4,1,9,2,3,8,7,4,7
1,33,827,29,4,1,54,2,2,3,-0.180702848,3129,1,22,4,2,14,4,3,13,7,3,8
0,28,895,15,2,1,50,3,1,3,-0.208085007,22482,1,16,3,4,4,5,2,4,2,2,2
0,34,618,3,1,1,45,3,2,4,0.409598205,22266,0,17,3,3,7,1,2,6,2,0,4
0,37,309,10,4,4,88,2,2,4,0.216587208,24223,2,14,3,3,8,5,3,1,0,0,0
1,25,1219,4,1,4,32,3,1,4,0.324403372,4605,1,15,3,2,7,3,4,7,7,5,6
1,26,1330,21,3,1,37,3,1,3,-0.147085664,19373,1,20,4,3,1,0,2,1,1,0,0
1,33,1017,25,3,1,55,2,1,2,-0.170050122,2993,4,20,4,2,5,0,3,2,2,2,2
0,42,469,2,2,4,35,3,4,1,0.139399331,14399,0,17,3,4,23,3,3,22,6,13,7
1,28,1009,1,3,1,45,2,1,2,-0.068504158,7160,1,15,3,1,1,2,3,1,0,0,0
1,50,959,1,4,4,81,3,2,3,-0.140719403,17251,3,14,3,4,5,4,3,0,0,0,0
0,33,970,7,3,4,30,3,2,2,-0.218141893,13401,0,17,3,3,4,3,3,3,2,0,2
0,34,697,3,4,3,40,2,1,4,0.068923772,22478,3,17,3,4,6,2,3,0,0,0,0
0,48,1262,1,4,1,35,4,4,4,0.089089029,16154,2,22,4,3,27,3,2,5,4,2,1
0,45,1050,9,4,2,65,2,2,3,0.016488236,17970,1,13,3,4,15,2,3,15,10,4,12
0,52,994,7,4,2,87,3,3,2,0.06394332,15322,7,19,3,4,18,4,3,8,6,4,0
0,38,770,10,4,3,73,2,3,3,-0.10973053,5569,0,14,3,2,9,2,3,8,7,2,7
0,29,1107,28,4,3,93,3,1,4,-0.09792737,26968,4,22,4,1,11,1,3,7,5,1,7
0,28,950,3,3,4,93,3,3,2,-0.220250252,8039,0,17,3,2,10,3,2,9,7,1,7
0,46,406,3,1,1,52,3,4,3,0.126499254,15596,3,12,3,4,23,3,3,12,9,4,9
0,38,130,2,2,4,32,3,3,2,-0.251216147,20619,7,16,3,3,10,2,3,1,0,0,0
0,43,1082,27,3,3,83,3,3,1,0.102141381,11535,8,11,3,3,18,1,3,8,7,0,1
1,39,203,2,3,1,84,3,4,4,-0.215094794,13547,7,11,3,4,21,4,3,18,7,11,5
0,40,1308,14,3,3,44,2,5,3,0.022622856,17544,1,14,3,1,21,2,4,20,7,4,9
0,21,984,1,1,4,70,2,1,2,-0.2572433,25326,1,11,3,3,2,6,4,2,2,2,2
0,39,439,9,3,3,70,3,2,2,0.232580586,8770,9,15,3,3,9,2,2,5,4,0,3
0,36,217,18,4,1,78,3,2,4,0.413778293,23238,2,20,4,1,18,0,3,11,9,0,9
0,31,793,20,3,3,67,4,1,4,0.001465676,21981,0,12,3,1,3,4,3,2,2,2,2
0,28,1451,2,1,1,67,2,1,2,0.148581737,19911,0,17,3,1,6,2,1,5,3,0,4
0,35,1182,11,2,4,54,3,2,4,-0.097101098,18500,1,11,3,4,5,3,3,5,2,0,2
0,49,174,8,4,4,56,2,4,2,-0.153754927,11879,6,17,3,2,22,3,3,9,8,2,3
0,34,1003,2,2,4,95,3,2,3,-0.267030743,15834,2,11,3,4,5,3,2,3,2,0,2
0,29,490,10,3,4,61,3,1,2,0.180875507,17940,0,14,3,4,8,2,2,7,5,1,1
0,42,188,29,3,2,56,1,2,4,-0.223594181,9558,4,19,3,1,16,3,3,1,0,0,0
0,29,718,8,1,2,79,2,2,4,-0.08110772,17689,1,15,3,3,10,2,2,10,7,1,2
0,38,433,1,3,3,37,4,1,3,0.020483118,6004,1,13,3,4,7,2,4,7,6,5,0
0,28,773,6,3,3,39,2,1,3,-0.030110454,22088,1,14,3,4,3,2,3,3,1,0,2
1,18,247,8,1,3,80,3,1,3,-0.316807364,13556,1,12,3,4,0,0,3,0,0,0,0
1,33,603,9,4,1,77,3,2,1,0.494653899,18385,0,17,3,1,6,3,3,5,2,0,3
0,41,167,12,4,2,46,3,1,4,0.710134508,9051,3,11,3,1,6,4,3,1,0,0,0
1,31,874,15,3,3,72,3,1,3,-0.063480683,6233,1,12,3,3,2,5,2,2,2,2,2
0,37,367,25,2,3,52,2,2,4,0.041568762,17171,7,13,3,3,9,2,3,6,2,1,3
0,27,199,6,3,4,55,2,1,3,-0.088956879,7950,1,13,3,3,4,0,3,4,2,2,2
0,34,1400,9,1,2,70,3,2,3,0.038479132,5829,1,20,4,1,6,3,2,6,5,1,3
0,35,528,8,4,3,100,3,1,3,0.551177398,7108,1,17,3,2,6,2,1,5,4,1,4
1,29,408,23,1,4,45,2,3,1,-0.252744069,11162,1,13,3,1,11,3,1,11,8,3,10
0,40,593,9,4,2,88,3,3,3,0.375028327,13782,9,17,3,3,20,3,2,18,7,2,13
1,42,481,12,3,3,44,3,4,1,-0.11260368,2447,0,12,3,2,22,2,2,21,9,13,14
0,42,647,4,4,2,45,3,2,1,-0.063115169,2253,7,13,3,4,9,3,4,6,4,1,5
0,35,982,1,4,4,58,2,1,3,-0.189785204,16340,6,12,3,2,10,2,3,8,0,1,7
0,24,477,24,3,4,49,3,1,2,0.290674323,6409,8,22,4,4,6,2,3,4,3,1,2
1,28,1485,12,1,3,79,3,1,4,-0.097568551,22955,1,11,3,4,1,4,2,1,1,0,0
0,26,1384,3,4,1,82,4,1,4,0.585982905,13421,1,22,4,2,8,2,3,8,7,0,7
0,30,852,10,3,3,72,2,2,3,0.195505028,2706,1,18,3,1,10,3,3,10,3,1,4
0,40,902,26,2,3,92,2,2,4,-0.196332741,21203,3,13,3,4,16,3,1,1,1,0,0
0,35,819,2,3,3,44,2,3,2,0.046525004,19588,2,18,3,2,15,2,4,7,7,6,4
0,34,669,1,3,4,97,2,2,1,-0.028947497,25755,0,20,4,3,14,3,3,13,9,4,9
0,35,636,4,4,4,47,2,1,4,-0.147444484,26537,1,13,3,2,2,2,4,2,2,2,2
1,43,1372,9,3,1,85,1,2,3,-0.028402269,9489,8,13,3,2,7,2,2,4,3,1,3
0,32,862,2,1,3,76,3,1,1,0.014383184,14947,1,12,3,3,1,3,3,1,0,0,0
0,56,718,4,4,4,92,3,5,1,0.039140304,18575,4,13,3,4,28,2,3,5,2,4,2
0,29,1401,6,1,2,54,3,1,4,0.123464361,26342,1,13,3,1,10,5,3,10,8,0,8
0,19,645,9,2,3,54,3,1,1,-0.084292223,7172,1,25,4,3,1,4,3,1,1,0,0
0,45,1457,7,3,1,83,3,1,3,0.606435626,20100,4,19,3,3,7,2,2,3,2,0,2
0,37,977,1,3,4,56,2,2,4,0.176603762,9961,1,13,3,2,14,2,2,14,8,3,11
0,20,805,3,3,1,87,2,1,3,0.088300034,12828,1,12,3,1,2,2,2,2,2,1,2
1,44,1097,10,4,3,96,3,1,3,0.053494527,10826,1,11,3,3,6,4,3,6,4,0,2
0,53,1223,7,2,4,50,3,5,3,-0.030524771,18640,3,18,3,2,26,6,3,7,7,4,7
0,29,942,15,1,2,69,1,1,4,-0.222078973,26933,0,18,3,1,6,2,2,5,4,1,3
1,22,1256,3,4,3,48,2,1,4,0.023712495,4223,0,11,3,2,1,5,3,0,0,0,0
0,46,1402,2,3,3,69,3,4,1,0.099602592,24097,8,23,4,1,28,2,3,26,15,15,9
0,44,111,17,3,4,74,1,1,3,-0.178302975,4279,2,13,3,4,6,3,3,0,0,0,0
0,33,147,2,3,2,99,3,1,3,0.291750782,8429,1,13,3,4,5,2,3,5,4,1,4
1,41,906,5,2,1,95,2,1,1,-0.243966973,20293,6,17,3,1,5,2,1,1,0,0,0
0,30,1329,29,4,3,61,3,2,1,-0.252127822,13192,8,19,3,3,8,3,3,4,3,0,3
0,40,1184,2,4,2,62,3,2,2,-0.21359832,25440,5,12,3,4,5,2,3,0,0,0,0
0,50,1421,2,3,4,30,3,4,1,0.151718905,9490,2,22,4,3,32,3,3,2,2,2,2
0,28,1179,19,4,4,78,2,1,1,0.146787639,12449,1,12,3,3,6,2,3,6,5,3,3
0,46,1450,15,2,4,52,3,5,2,-0.00577465,10849,5,11,3,1,25,2,3,4,2,0,3
0,35,1361,17,4,3,94,3,2,1,0.629507157,21026,3,15,3,4,15,2,3,7,7,1,7
1,24,984,17,2,4,97,3,1,2,-0.207008548,3372,1,13,3,1,1,3,1,1,0,0,0
0,33,1146,25,3,2,82,3,2,3,-0.175068817,4905,1,12,3,1,10,3,2,10,7,0,1
0,36,917,6,4,3,60,1,1,3,-0.016475307,6865,1,14,3,3,7,4,3,7,7,1,7
0,30,853,7,4,3,49,3,2,3,-0.365535413,11309,1,13,3,1,10,4,2,10,7,8,9
0,44,200,29,4,4,32,3,2,4,-0.174705331,7744,1,25,4,2,20,3,3,20,11,13,17
0,20,654,21,3,3,43,4,1,4,-0.039080946,5050,1,17,3,4,2,2,3,2,1,2,2
0,46,150,2,4,4,60,3,2,4,0.341081119,17433,2,11,3,3,12,3,2,6,3,1,4
0,42,179,2,5,4,79,4,2,1,0.139891689,12858,7,16,3,1,10,3,4,4,3,0,3
0,60,696,7,4,2,52,4,2,4,-0.051301878,10893,0,18,3,2,12,3,3,11,7,1,9
0,32,116,13,3,3,77,2,1,2,-0.015757668,7331,1,20,4,3,2,2,3,2,2,2,2
0,32,1316,2,2,4,38,3,2,3,-0.09164881,2338,4,14,3,4,10,2,3,8,7,0,7
0,36,363,1,3,3,77,1,3,1,0.044284052,4235,2,21,4,3,17,2,3,7,7,7,7
0,33,117,9,3,1,60,3,1,4,-0.002122521,6311,0,13,3,2,15,5,3,14,10,4,10
0,40,107,10,3,2,84,2,2,2,0.245302592,11591,7,12,3,2,7,2,4,5,1,1,3
0,25,1356,10,4,3,57,3,2,4,-0.100372471,20623,0,14,3,2,5,4,3,4,3,1,1
0,30,1465,1,3,4,63,3,1,2,0.284215569,9369,0,21,4,1,12,2,3,11,9,5,7
0,42,458,26,5,1,60,3,3,1,0.343654987,23281,3,17,3,3,20,6,3,1,0,0,0
0,35,1212,8,2,3,78,2,3,4,0.057016739,13755,4,11,3,2,16,6,2,13,2,4,12
0,27,1103,14,3,1,42,3,1,1,-0.198038056,14377,1,14,3,4,9,3,2,9,7,6,8
0,54,966,1,4,4,53,3,3,3,0.069749425,9659,7,17,3,1,33,2,1,5,4,1,4
0,44,1117,2,1,1,72,4,1,4,-0.27841366,19982,1,13,3,4,10,5,3,10,5,7,7
1,19,504,10,3,1,96,2,1,2,-0.332954249,6148,1,25,4,2,1,2,4,1,1,0,0
0,29,1010,1,3,1,97,3,1,4,0.349161928,5598,1,15,3,1,3,5,3,3,2,1,2
0,54,685,3,3,4,85,3,4,4,0.146752375,23474,3,14,3,1,36,2,3,10,9,0,9
0,31,1332,11,2,3,80,3,2,1,0.241849476,17089,1,12,3,4,6,2,2,6,5,0,1
0,31,1062,24,3,3,96,2,2,1,0.238032874,17198,1,19,3,2,10,2,3,10,9,1,8
0,59,326,3,3,3,48,2,2,4,-0.060207282,16490,5,17,3,4,13,2,3,6,1,0,5
0,43,920,3,3,3,96,1,5,4,0.028562885,18625,3,14,3,2,25,2,3,8,7,0,7
0,49,1098,4,2,1,85,2,5,3,-0.025053691,12124,2,13,3,3,23,2,4,1,0,0,0
0,36,469,3,3,3,46,3,1,2,0.324762191,9256,1,12,3,3,12,2,2,11,10,0,7
0,48,969,2,2,4,76,4,1,2,-0.081780486,16620,5,11,3,3,7,4,2,1,0,0,0
0,27,1167,4,2,1,76,3,1,3,-0.096850911,3208,1,11,3,2,5,2,3,5,3,0,3
0,29,1329,7,3,3,82,3,2,4,0.20368346,4204,1,11,3,2,6,2,3,6,0,1,0
0,48,715,1,3,4,76,2,5,4,-0.048292751,8733,6,12,3,3,25,3,4,1,0,0,0
0,29,694,1,3,4,87,2,4,4,0.040004235,3423,3,14,3,2,9,2,2,7,7,1,7
0,34,1320,20,3,3,89,4,1,3,-0.072451174,21643,0,17,3,4,2,5,2,1,0,0,0
0,44,1099,5,3,2,88,3,5,2,-0.051002238,8751,7,11,3,3,26,5,3,22,9,3,10
0,33,536,10,5,4,82,4,3,3,-0.146400668,21708,0,14,3,4,10,3,3,9,8,0,8
0,19,265,25,3,2,57,4,1,4,0.074306067,21221,1,12,3,4,1,2,3,1,0,0,1
0,23,373,1,2,4,47,3,1,3,-0.561163554,16901,1,22,4,4,1,2,3,1,0,0,1
1,25,599,24,1,3,73,1,1,4,-0.598839618,8040,1,14,3,4,1,4,3,1,0,1,0
0,26,583,4,2,3,53,3,1,4,0.031606528,9973,1,20,4,2,8,2,2,8,5,2,2
1,45,1449,2,3,1,94,1,5,2,-0.019165768,2493,2,16,3,1,26,2,3,24,10,1,11
0,55,177,8,1,4,37,2,4,2,-0.12427825,25592,1,15,3,4,34,3,3,33,9,15,0
1,21,251,10,2,1,45,2,1,3,-0.058098388,25308,1,20,4,3,2,2,1,2,2,2,2
0,46,168,4,2,4,33,2,5,2,-0.020989461,9946,2,14,3,3,26,2,3,11,4,0,8
0,34,131,2,3,3,86,3,2,1,-0.17525056,6039,0,12,3,4,4,3,3,3,2,0,2
0,51,237,9,3,4,83,3,5,2,0.034138175,19196,4,24,4,1,31,5,2,29,10,11,10
0,59,1429,18,4,4,67,3,3,4,0.07076804,20002,6,12,3,4,25,6,2,9,7,5,4
0,34,135,19,3,3,46,3,2,2,-0.192334396,22534,4,13,3,3,15,2,4,11,8,5,10
0,28,791,1,4,4,44,3,1,3,-0.227102449,6842,0,11,3,3,5,2,2,4,2,0,2
0,44,1199,4,2,3,92,4,5,1,-9.51E-05,17477,1,14,3,4,26,4,2,25,9,14,13
0,34,648,11,3,3,56,2,2,2,-0.183974221,21833,4,11,3,4,14,5,4,10,9,1,8
0,35,735,6,1,3,66,3,1,3,0.258021734,6020,0,14,3,4,4,3,3,3,2,2,2
0,42,603,7,4,2,78,4,2,2,-0.568905758,5628,6,16,3,4,18,2,3,1,0,0,0
0,43,531,4,4,4,56,2,3,4,0.04214496,20364,3,14,3,4,23,3,4,21,7,15,17
0,36,429,2,4,3,53,3,2,2,-0.016770721,2323,9,11,3,4,18,2,3,16,14,5,12
1,44,621,15,3,1,73,3,3,4,-0.187348989,14075,1,11,3,4,10,2,3,10,7,0,5
0,28,193,2,3,4,52,2,1,4,0.387555632,14222,1,12,3,2,2,2,3,2,2,2,2
0,51,968,6,2,2,40,2,1,3,0.0183302,4257,0,14,3,2,8,6,2,7,0,7,7
0,30,879,9,2,3,72,3,2,3,-0.146716919,12858,7,18,3,3,10,3,3,8,4,1,7
1,29,806,7,3,2,39,3,1,3,0.198098851,17285,3,13,3,1,10,2,3,7,7,7,7
0,28,640,1,3,4,84,3,1,1,-0.253655104,4732,2,11,3,2,5,2,2,3,2,1,2
0,25,266,1,3,4,40,3,1,2,-0.247913989,18830,1,18,3,4,2,3,2,2,2,2,1
0,32,604,8,3,3,56,4,2,4,0.128441885,11693,1,15,3,3,10,4,4,10,7,0,8
0,45,364,25,3,2,83,3,5,2,-0.058922277,13035,3,22,4,3,22,4,3,0,0,0,0
0,39,412,13,4,3,94,2,4,2,0.104440121,17334,6,13,3,4,21,4,3,19,9,15,2
0,58,848,23,4,1,88,3,1,3,-0.148879762,26076,1,12,3,4,2,3,3,2,2,2,2
1,32,1089,7,2,4,79,3,2,3,-0.112549248,22845,1,18,3,1,10,3,3,10,4,1,1
1,39,360,23,3,3,93,3,1,1,0.400831959,22154,0,13,3,1,6,2,3,5,2,0,3
0,30,1138,6,3,1,48,2,2,4,-0.159075439,23631,0,12,3,1,10,6,3,9,2,6,7
0,36,325,10,4,4,63,3,3,3,-0.277394551,5747,3,12,3,1,10,0,3,7,7,1,7
0,46,991,1,2,4,44,3,1,1,0.228239702,22957,6,12,3,3,10,3,4,7,6,5,7
0,28,1476,1,3,3,55,1,2,4,0.212952349,16392,0,11,3,1,10,6,3,9,8,7,5
0,50,1322,28,3,4,43,3,4,1,0.088766528,22422,4,11,3,2,25,2,3,3,2,1,2
1,40,299,25,4,4,57,2,3,2,-0.07367156,17235,2,12,3,3,9,2,3,5,4,1,0
1,52,1030,5,3,2,64,3,3,2,-0.139677809,21534,9,19,3,3,10,2,2,8,7,7,7
0,30,634,17,4,2,95,3,3,1,0.21378158,25927,1,23,4,4,9,2,3,9,1,0,8
0,39,524,18,2,1,32,3,2,3,-0.175977532,13352,0,11,3,1,9,6,3,8,7,1,7
0,31,587,2,4,4,57,3,3,3,0.003539453,8935,1,19,3,1,10,5,2,10,8,9,6
0,41,256,10,2,3,40,1,2,2,0.117900794,22074,1,13,3,1,19,4,3,19,2,11,9
1,31,1060,1,3,4,54,3,1,2,-0.173997139,8319,1,11,3,1,3,2,4,3,2,2,2
1,44,935,3,3,1,89,3,1,1,-0.152467959,14669,4,12,3,3,10,4,4,3,2,1,2
0,42,495,2,1,3,37,3,4,3,0.152041407,26582,0,13,3,4,21,3,2,20,8,2,10
0,55,282,2,2,4,58,1,5,3,-0.000251466,6992,4,14,3,4,23,5,3,19,9,9,11
0,56,206,8,4,4,99,3,5,2,0.027364458,4022,6,14,3,1,36,4,3,7,3,7,7
0,40,458,16,2,3,74,3,1,3,0.271656881,8532,9,16,3,2,6,0,3,4,2,0,0
0,34,943,9,3,4,86,3,3,4,-0.134177289,5494,0,11,3,4,10,0,2,9,7,1,6
0,40,523,2,3,3,98,3,2,4,-0.152896179,22455,1,13,3,3,9,4,3,9,8,8,8
0,41,1018,1,3,3,66,3,2,1,-0.254308737,4297,0,17,3,4,10,2,3,9,3,1,7
0,35,482,4,4,3,87,3,2,3,-0.227774269,2690,1,11,3,2,9,3,3,9,6,1,1
0,51,770,5,3,3,84,3,4,2,-0.095317576,17588,1,11,3,2,33,2,3,33,9,0,10
0,38,1009,2,2,2,31,3,2,1,0.252754052,19461,3,15,3,4,11,3,3,7,7,1,7
0,34,507,15,2,3,66,3,2,1,0.113175478,23553,1,12,3,4,10,6,4,10,8,9,6
0,25,882,19,1,4,67,3,1,4,0.316509339,9075,3,11,3,3,7,6,2,3,2,1,2
1,58,601,7,4,3,53,2,3,1,0.019429847,12023,7,14,3,4,31,0,2,10,9,5,9
0,40,329,1,4,2,88,3,1,2,-0.143497467,6762,3,22,4,3,7,3,3,4,2,0,3
0,36,607,7,3,1,83,4,2,1,-0.156894524,2261,2,16,3,4,17,2,2,15,7,6,13
0,48,855,4,3,4,54,3,3,4,-0.195497909,18706,1,11,3,3,11,2,3,10,9,0,8
0,27,1291,11,3,3,98,4,1,4,-0.090750977,6527,8,14,3,2,5,4,3,1,0,0,0
0,51,1405,11,2,4,82,2,4,2,-0.152335918,24439,3,16,3,2,29,1,2,5,2,0,3
0,18,1124,1,3,4,97,3,1,4,-0.421941525,19305,1,15,3,3,0,5,4,0,0,0,0
0,35,817,1,3,4,60,2,2,4,-0.025312639,10846,0,12,3,2,10,0,3,9,7,0,0
0,27,793,2,1,4,43,1,2,4,-0.078381576,20392,3,20,4,2,8,3,3,6,2,0,0
1,55,267,13,4,1,85,4,4,3,-0.116667204,9277,6,17,3,3,24,2,2,19,7,3,8
0,56,1369,23,3,4,68,3,4,2,-0.135565818,18235,4,12,3,1,33,0,3,19,16,15,9
0,34,999,26,1,1,92,2,1,3,-0.271954906,15891,1,20,4,3,5,2,3,5,4,0,0
0,40,1202,2,1,2,89,4,2,3,0.158974698,13888,5,20,4,2,15,0,3,12,11,11,8
0,34,285,29,3,2,86,3,2,3,-0.013317605,17491,4,13,3,1,10,1,3,8,7,7,7
1,31,703,2,3,3,90,2,1,4,-0.000687242,11882,7,14,3,3,3,3,4,1,0,0,0
1,35,662,18,4,4,67,3,2,3,-0.161438097,23288,0,18,3,3,5,0,2,4,2,3,2
0,38,693,7,3,4,57,4,1,3,-0.063480683,15748,1,11,3,4,4,2,3,4,2,0,3
0,34,404,2,4,3,98,3,2,4,0.215315008,6163,1,11,3,4,14,2,4,14,11,4,11
0,28,736,26,3,3,48,2,2,1,-0.141446374,24232,1,11,3,3,5,0,3,5,3,0,4
1,31,330,22,4,4,98,3,2,3,0.122989596,21057,1,15,3,4,10,3,2,10,2,6,7
0,39,1498,21,4,1,44,2,2,4,0.112266763,3567,3,12,3,4,8,2,4,5,4,1,4
0,51,541,2,3,2,52,3,3,2,0.079324406,15395,2,11,3,2,14,5,3,4,2,3,2
0,41,1200,22,3,4,75,3,2,4,-0.006411373,13953,3,14,3,1,12,4,2,6,2,3,3
0,37,1439,4,1,3,54,3,1,3,0.075023707,5182,7,15,3,4,8,2,3,6,4,1,3
0,33,1111,5,1,2,61,3,2,4,0.817065866,19293,6,13,3,1,8,2,4,5,4,1,2
0,32,499,2,1,3,36,3,2,2,-0.25885231,20497,0,13,3,1,4,3,2,3,2,1,2
0,39,1485,25,2,3,71,3,3,3,0.112327531,3449,3,21,4,2,13,2,3,6,4,0,5
0,25,1372,18,1,1,93,4,2,3,0.132621972,12477,2,11,3,2,6,3,2,3,2,1,2
0,52,322,28,2,4,59,4,4,3,-0.145563377,9731,2,11,3,2,24,3,2,5,3,0,2
0,43,930,6,3,1,73,2,2,3,-0.258307082,20003,1,14,3,1,20,3,1,20,7,1,8
0,27,205,10,3,4,98,2,2,4,0.048474993,7100,1,11,3,4,6,3,3,6,2,4,4
1,27,135,17,4,4,51,3,1,3,-0.14098573,25681,1,13,3,4,8,2,3,8,2,7,7
0,26,683,2,1,1,36,2,1,4,0.400831959,4050,0,12,3,4,5,2,3,4,3,1,1
0,42,1147,10,3,3,31,3,4,1,0.083541996,16616,0,14,3,3,21,5,3,20,7,0,9
0,52,258,8,4,3,54,3,1,1,0.058518002,17363,9,13,3,3,12,2,1,5,4,0,4
0,37,1462,11,3,1,94,3,1,3,0.302156552,19106,4,18,3,1,8,6,3,3,2,0,2
0,35,200,18,2,3,60,3,3,4,-0.046372679,19944,2,11,3,3,10,2,3,2,2,2,2
0,25,949,1,3,1,81,3,1,4,0.158628688,4910,4,11,3,2,7,2,2,3,2,0,2
0,26,652,7,3,3,100,4,1,1,0.28385675,23577,0,12,3,4,8,2,3,7,7,0,7
0,29,332,17,3,2,51,2,3,1,-0.186330374,9769,1,13,3,1,10,3,2,10,9,0,9
1,49,1475,28,2,1,97,2,2,1,-0.221413266,22710,3,20,4,1,20,2,3,4,3,1,3
1,29,337,14,1,3,84,3,3,4,-0.230640125,22930,0,12,3,1,9,1,3,8,7,7,7
0,54,971,1,3,4,54,3,4,4,0.117662701,5652,6,19,3,4,29,3,2,20,7,12,7
0,58,1055,1,3,4,76,3,5,1,0.026530769,22456,3,21,4,3,32,3,3,9,8,1,5
0,55,1136,1,4,2,81,4,4,4,-0.049780303,12414,2,13,3,4,31,4,4,7,7,0,0
0,36,1174,3,4,1,99,3,2,2,0.686210953,20763,3,16,3,4,15,3,3,5,4,0,1
1,31,667,1,4,2,50,1,1,3,-0.51236408,16154,1,12,3,2,1,3,3,1,0,0,0
0,30,855,7,4,4,73,3,2,1,-0.131450513,12761,7,14,3,2,8,3,3,3,2,0,2
0,31,182,8,5,1,93,3,4,2,0.05922535,8847,3,11,3,3,9,3,4,3,2,1,0
0,34,560,1,4,4,91,3,1,1,0.075023707,20284,5,14,3,3,10,2,3,4,3,1,3
1,31,202,8,3,1,34,2,1,2,-0.547528407,22262,1,12,3,3,1,3,4,1,0,0,0
0,27,1377,11,1,2,91,3,1,1,-0.24683753,7679,0,14,3,2,6,3,4,5,0,1,4
0,36,172,4,4,1,37,2,2,4,0.055926453,22604,1,16,3,3,10,2,2,10,4,1,8
0,36,329,16,4,3,98,2,2,1,0.026302355,13494,4,13,3,1,11,3,2,3,2,0,2
0,47,465,1,3,1,74,3,1,4,0.227163243,10205,7,12,3,3,17,2,2,6,5,1,2
1,25,383,9,2,1,68,2,1,1,0.578806512,15182,3,12,3,1,6,2,3,3,2,2,2
0,37,1413,5,2,3,84,4,1,3,0.255868816,25470,0,14,3,1,7,2,1,6,5,1,3
0,56,1255,1,2,1,90,3,1,1,-0.258678579,10494,2,22,4,4,5,3,4,3,2,1,0
0,47,359,2,4,1,82,3,4,3,0.107407139,26703,3,19,3,2,26,2,4,20,17,5,6
0,24,1476,4,1,4,42,3,2,3,-0.243585904,15211,1,12,3,3,5,3,3,5,4,0,3
0,32,601,7,5,4,97,3,2,4,0.672761975,23343,4,12,3,3,7,3,2,4,3,0,3
0,34,401,1,3,4,86,2,1,2,0.181951966,3708,5,17,3,1,7,2,2,5,4,0,2
0,41,1283,5,5,2,90,4,1,3,-0.23679058,5561,2,12,3,1,7,5,2,4,2,0,3
0,40,663,9,4,3,81,3,2,3,-0.277571833,23099,3,11,3,3,11,2,4,8,7,0,7
0,31,326,8,2,1,31,3,3,4,0.099391121,8386,1,18,3,1,13,5,3,13,7,9,9
1,46,377,9,3,1,52,3,3,4,0.028393658,15986,4,11,3,1,28,1,4,7,7,4,3
1,39,592,2,3,1,54,2,1,1,0.308256487,17181,2,23,4,2,11,2,4,1,0,0,0
1,31,1445,1,5,3,100,4,3,2,-0.241539305,8931,1,11,3,1,10,2,3,10,8,4,7
0,45,1038,20,3,2,95,1,3,1,0.105299087,19863,2,18,3,2,24,2,3,7,7,0,7
0,31,1398,8,2,4,96,4,1,2,-0.243249333,24609,9,18,3,4,8,3,3,3,2,0,2
1,31,523,2,3,2,94,3,1,4,0.335526781,21081,6,13,3,3,7,2,1,2,2,2,2
0,45,1448,29,3,2,55,3,3,4,-0.044539173,14720,4,18,3,4,10,4,4,3,1,1,2
0,48,1221,7,3,3,96,3,2,1,-0.002958258,24795,4,11,3,1,15,3,3,2,2,2,2
1,34,1107,9,4,1,52,3,1,3,-0.016116488,3072,1,15,3,4,2,0,3,2,2,2,2
0,40,218,8,1,4,55,2,3,2,0.401308593,25178,2,11,3,3,16,5,3,9,8,4,8
0,28,866,5,3,4,84,3,2,1,0.53809046,23490,0,18,3,4,6,4,3,5,4,1,3
0,44,981,5,3,3,90,2,1,3,0.13458777,7973,3,14,3,4,7,5,3,5,2,0,3
0,53,447,2,3,4,39,4,4,2,0.070577418,19764,4,12,3,2,35,2,2,9,8,8,8
0,49,1495,5,4,1,96,3,2,3,0.208772262,21534,2,14,3,2,20,0,2,3,2,1,2
0,40,896,2,3,3,68,3,1,3,-0.158567893,8045,2,14,3,3,8,3,4,3,1,1,2
0,44,1467,20,3,4,49,3,1,2,0.227163243,21158,1,13,3,3,6,3,2,5,2,1,3
0,33,430,7,3,4,54,3,2,1,-0.205238145,17456,0,14,3,1,5,2,3,4,3,0,3
0,34,1326,3,3,4,81,1,2,1,-0.135085372,15891,3,18,3,4,15,2,3,13,9,3,12
0,30,1358,16,1,4,96,3,2,3,-0.036580701,2939,8,15,3,3,4,2,2,2,1,2,2
0,42,748,9,2,1,74,3,1,4,0.317944618,16458,1,13,3,3,12,3,3,12,9,5,8
0,44,383,1,5,1,79,3,2,3,-0.133449685,9282,7,12,3,3,11,4,2,1,0,0,0
0,30,990,7,3,3,64,3,1,3,-0.542863751,7152,1,13,3,2,1,2,2,1,0,0,0
0,57,405,1,2,2,93,4,2,3,-0.109459618,2721,0,24,4,1,13,2,2,12,9,2,8
0,49,1490,7,4,3,35,3,3,2,0.066082412,20948,3,14,3,2,29,3,3,8,7,0,7
0,34,829,15,3,2,71,3,4,1,0.096958077,11929,7,14,3,4,16,3,2,14,8,6,9
1,28,1496,1,3,1,92,3,1,3,0.043806396,15747,3,15,3,4,5,3,4,3,2,1,2
1,29,115,13,3,1,51,3,2,2,0.047748021,17485,5,11,3,1,7,4,1,5,3,0,0
1,34,790,24,4,1,40,2,2,2,-0.164164241,7815,0,23,4,3,16,2,4,15,9,10,10
0,35,660,7,1,4,76,3,1,3,-0.137397533,16192,1,13,3,1,1,3,3,1,0,0,0
1,24,381,9,3,2,89,3,1,1,0.138175967,16998,2,11,3,3,4,2,2,0,0,0,0
0,24,830,13,2,4,78,3,1,2,-0.270519628,7103,1,13,3,3,1,2,3,1,0,0,0
0,44,1193,2,1,2,86,3,3,3,0.039904007,19719,5,18,3,2,16,2,2,2,2,2,2
0,29,1246,19,3,3,77,2,2,3,0.566624101,23757,1,14,3,3,10,3,3,10,7,0,4
0,30,330,1,3,3,46,3,1,3,-0.259396218,15428,0,21,4,1,6,3,4,5,3,1,3
0,55,1229,4,4,4,30,3,2,3,-0.266667257,16143,0,16,3,2,4,2,3,3,2,1,2
0,33,1099,4,4,1,82,2,1,2,0.377149862,8192,8,11,3,4,8,5,3,5,4,0,2
0,47,571,14,3,3,78,3,2,3,-0.165618185,24200,3,17,3,3,11,4,2,5,4,1,2
1,28,289,2,2,3,38,2,1,1,-0.081062846,5355,7,11,3,3,8,2,2,0,0,0,0
0,28,1423,1,3,1,72,2,1,3,-0.439164869,12530,1,14,3,4,1,2,1,1,0,0,0
0,28,467,7,3,3,55,3,2,1,-0.109823104,11827,0,14,3,4,5,5,3,4,2,1,3
0,49,271,3,2,3,43,2,2,1,-0.129633084,23070,4,25,4,1,10,3,3,3,2,1,2
0,29,410,2,1,4,97,3,1,2,0.141046524,4668,0,13,3,3,4,3,3,3,2,0,2
0,28,1083,29,1,3,96,1,2,2,0.190234482,3173,1,14,3,2,8,2,2,8,6,1,7
0,33,516,8,5,4,69,3,2,3,0.16097387,22049,2,17,3,1,14,6,3,0,0,0,0
0,32,495,10,3,3,64,3,3,4,0.145330655,21072,2,25,4,2,10,5,4,5,2,0,0
0,54,1050,11,4,2,87,3,4,4,0.0340702,24456,3,20,4,1,26,2,3,14,9,1,12
1,29,224,1,4,1,100,2,1,1,-0.152467959,7568,6,13,3,3,11,2,1,9,7,0,7
0,44,136,28,3,4,32,3,4,1,0.053162314,22074,3,13,3,3,24,1,4,20,6,14,17
0,39,1089,6,3,2,32,3,3,2,-0.146808114,9150,4,18,3,4,9,3,3,2,0,2,2
0,46,228,3,3,3,51,3,4,2,0.071093422,11380,8,12,3,4,23,2,4,13,12,5,1
0,35,1029,16,3,4,91,2,3,2,-0.12337997,21195,1,19,3,4,11,3,1,11,8,3,3
0,23,507,20,1,1,97,3,2,3,-0.587080051,24812,0,14,3,2,5,2,3,4,3,1,2
1,40,676,9,4,4,86,3,1,1,-0.275901923,21831,3,14,3,2,15,3,1,5,4,1,0
0,34,971,1,3,4,64,2,3,3,-0.278515028,12288,1,14,3,4,10,3,3,10,9,8,6
1,31,561,3,3,4,33,3,1,3,0.465419499,4156,1,12,3,1,7,2,1,7,2,7,7
0,50,333,22,5,3,88,1,4,4,-0.070484927,24450,1,13,3,4,32,2,3,32,6,13,9
0,34,1440,7,2,2,55,3,1,3,-0.171844221,4944,0,25,4,2,12,4,3,11,10,5,7
0,42,1210,2,3,3,68,2,1,2,0.737045982,24052,4,14,3,2,4,3,3,1,0,0,0
0,37,674,13,3,1,47,3,2,4,-0.221231523,3031,1,17,3,1,10,2,3,10,8,3,7
0,29,441,8,1,3,39,1,2,1,0.765632615,7288,3,13,3,3,9,3,3,7,7,0,7
0,33,575,25,3,4,44,2,2,2,-0.21487052,24152,1,13,3,4,5,2,3,5,3,0,2
0,45,950,28,3,4,97,3,1,4,-0.234996481,4585,4,20,4,4,8,3,3,5,4,0,3
0,42,288,2,3,4,40,3,3,4,0.03124578,18611,2,14,3,3,24,3,1,20,8,13,9
0,40,1342,9,2,1,47,3,2,1,-0.005320916,19345,0,12,3,4,9,5,4,8,4,7,1
0,33,589,28,4,2,79,3,2,3,-0.053664537,22949,1,12,3,2,15,3,3,15,14,5,7
0,40,898,6,2,3,38,3,4,4,0.060192856,17381,1,21,4,4,21,2,3,21,7,7,7
0,24,350,21,2,3,57,2,1,1,-0.176150057,10036,0,14,3,2,2,3,3,1,1,0,0
0,40,1142,8,2,4,72,3,2,4,-0.260487997,8841,3,18,3,3,8,2,3,2,2,2,2
0,45,538,1,4,1,66,3,3,2,-0.242048612,20933,1,12,3,1,10,4,3,10,8,7,7
0,35,1402,28,4,2,98,2,1,3,-0.128068222,26204,0,23,4,1,6,5,3,5,3,4,2
0,32,824,5,2,4,67,2,2,2,0.068284973,15624,3,12,3,1,12,2,3,7,1,2,5
0,36,1157,2,4,3,70,3,1,4,-0.051280814,17001,3,21,4,4,7,3,2,3,2,1,2
0,48,492,16,4,3,96,3,2,3,0.17024276,13693,8,14,3,3,18,2,3,8,7,7,7
0,29,598,9,3,3,91,4,1,3,-0.120533009,22376,6,18,3,1,5,2,2,1,0,0,0
0,33,1242,8,4,1,46,3,2,1,0.161700842,10589,2,13,3,4,8,6,1,2,2,2,2
1,30,740,1,3,2,64,2,2,1,0.765450872,5323,1,11,3,4,10,4,3,10,8,6,7
0,38,888,10,4,3,71,3,2,3,0.104451817,14814,3,11,3,3,10,2,3,6,3,1,2
0,35,992,1,3,4,68,2,1,1,-0.120891829,21731,1,19,3,2,3,3,3,3,0,1,2
0,30,1288,29,4,3,33,3,3,2,-0.057781167,17799,3,12,3,2,9,3,3,4,2,1,3
1,35,104,2,3,1,69,3,1,1,-0.255808022,26619,1,12,3,4,1,2,3,1,0,0,0
1,53,607,2,5,3,78,2,3,4,0.035829547,14618,0,16,3,2,34,4,3,33,7,1,9
1,38,903,2,3,3,81,3,2,2,-0.11763805,7653,4,11,3,1,7,2,3,5,2,1,4
0,32,1200,1,4,4,62,3,2,1,-0.257216624,25174,4,14,3,2,9,3,2,6,5,1,2
0,48,1108,15,4,3,65,3,1,1,-0.150673861,16530,8,12,3,4,10,3,2,8,2,7,6
0,34,479,7,4,1,35,3,1,4,0.066412035,22061,1,13,3,3,1,4,1,1,0,0,0
0,55,685,26,5,3,60,2,5,4,0.020538635,23037,1,21,4,3,36,3,3,36,6,2,13
0,34,1351,1,4,2,45,3,2,4,-0.003321744,13008,9,17,3,2,9,3,2,2,2,2,1
0,26,474,3,3,1,89,3,1,4,-0.260472677,11133,1,21,4,1,1,5,3,1,0,0,0
0,38,1245,14,3,3,80,3,2,2,0.803616889,12355,0,11,3,4,10,3,3,9,8,7,7
0,38,437,16,3,2,90,3,2,2,-0.237043158,16379,2,12,3,2,8,5,4,3,2,1,2
0,36,884,1,4,2,73,3,2,3,0.238578103,21447,6,13,3,1,15,5,3,1,0,0,0
0,29,1370,3,1,2,87,3,1,1,0.694705262,16213,1,18,3,4,10,3,3,10,9,1,5
0,35,670,10,4,1,51,3,2,3,0.116265108,4223,3,16,3,3,10,4,3,5,2,0,4
0,39,1462,6,3,4,38,4,3,3,-0.160966862,4658,2,11,3,1,11,3,3,7,6,7,6
0,29,995,2,1,1,87,3,2,4,0.608970205,24483,1,19,3,4,6,0,4,6,4,1,3
0,50,264,9,3,3,59,3,5,3,0.007251729,19519,4,16,3,3,27,2,3,1,0,0,0
0,23,977,10,3,4,45,4,1,3,-0.256166841,12826,2,16,3,4,4,2,3,2,2,2,2
0,36,1302,6,4,1,80,4,2,1,0.010854205,19711,3,13,3,4,9,3,3,3,2,0,2
0,42,1059,9,2,4,93,2,5,4,0.021945484,26362,8,22,4,4,24,2,3,1,0,0,1
0,35,750,28,3,2,46,4,2,3,-0.38080182,25348,1,17,3,4,10,3,2,10,9,6,8
0,34,653,10,4,4,92,2,2,3,-0.079835519,15332,1,14,3,2,8,3,2,8,2,7,7
0,40,118,14,2,4,84,3,2,1,-0.156894524,11262,1,15,3,3,5,2,3,5,4,1,2
0,43,990,27,3,4,87,4,1,2,0.749604671,5855,5,12,3,3,8,0,3,6,4,0,2
0,35,1349,7,2,3,63,2,1,4,-0.03477511,7713,1,18,3,4,1,5,2,1,0,0,1
0,46,563,1,4,4,56,4,4,1,0.133078293,3156,1,15,3,2,27,5,1,26,0,0,12
1,28,329,24,3,3,51,3,1,2,-0.135962255,7324,1,17,3,3,1,3,3,1,1,0,0
0,22,457,26,2,2,85,2,1,3,0.009718528,10293,1,14,3,2,4,2,2,4,2,1,3
0,50,1234,20,5,2,41,3,4,3,-0.274693152,20689,2,15,3,3,32,3,3,30,8,12,13
0,32,634,5,4,2,35,4,1,4,0.18841072,18783,3,17,3,4,6,3,3,3,2,0,2
0,44,1313,7,3,2,31,3,5,4,-0.007442027,3549,0,14,3,4,23,4,2,22,7,1,10
0,30,241,7,3,2,48,2,1,2,-0.231767104,5348,1,12,3,2,6,3,2,6,4,1,1
0,45,1015,5,5,3,50,1,2,1,0.048474993,23447,1,14,3,1,10,3,3,10,7,1,4
0,45,336,26,3,1,52,2,2,1,-0.203057229,24162,1,15,3,1,10,2,3,10,7,4,5
0,31,715,2,4,4,54,3,2,1,-0.03094667,21602,7,13,3,4,10,3,3,5,2,0,3
0,36,559,12,4,3,76,3,2,3,-0.152532693,12421,9,12,3,2,7,2,3,3,2,1,1
0,34,426,10,4,3,42,4,2,4,-0.141446374,17000,1,13,3,1,9,3,3,9,7,7,2
0,49,722,25,4,3,84,3,1,1,0.152169934,22102,1,14,3,4,10,3,2,9,6,1,4
0,39,1387,10,5,2,76,3,2,1,-0.022768238,3835,2,13,3,4,10,3,3,7,7,7,7
0,27,1302,19,3,4,67,2,1,1,0.458960745,16290,1,11,3,1,7,3,3,7,7,0,7
0,35,819,18,5,2,48,4,2,1,-0.053482794,26312,1,11,3,4,16,2,3,16,15,1,10
0,28,580,27,3,2,39,1,2,1,-0.113639705,20460,0,21,4,2,6,5,2,5,3,0,0
0,21,546,5,1,3,97,3,1,4,0.118440886,26009,1,18,3,3,3,2,3,2,2,2,2
1,18,544,3,2,2,70,3,1,4,-0.437011951,18420,1,12,3,3,0,2,4,0,0,0,0
0,47,1176,26,4,4,98,3,5,3,0.024290232,5220,3,11,3,3,27,2,3,5,2,1,0
0,39,170,3,2,3,76,2,2,3,-0.442230932,10302,0,15,3,4,11,3,3,10,8,0,7
0,40,884,15,3,1,80,2,3,3,0.062924705,25800,1,13,3,4,18,2,3,18,15,14,12
0,35,208,8,4,3,52,3,2,3,-0.246130305,12250,1,12,3,4,15,5,3,14,11,2,9
0,37,671,19,3,3,85,3,2,3,0.04829325,26493,3,17,3,1,9,2,2,4,3,0,2
0,39,711,4,3,1,81,3,2,3,-0.083652121,3140,0,13,3,4,10,2,1,9,2,3,8
0,45,1329,2,2,4,59,2,2,4,0.048656736,5388,1,19,3,1,10,3,3,10,7,3,9
0,38,397,2,2,4,54,2,3,3,-0.209962241,14199,3,19,3,4,10,6,4,5,4,0,2
1,35,737,10,3,4,55,2,3,1,0.049784572,21530,9,17,3,3,15,3,3,13,12,6,0
0,37,1470,10,3,2,71,3,1,2,0.412314189,9953,1,11,3,1,8,2,1,8,4,7,7
0,40,448,16,3,3,84,3,3,4,-0.190710419,19948,6,15,3,4,18,2,2,4,2,3,3
0,44,602,1,5,1,37,3,2,4,0.043749677,10503,4,11,3,3,14,3,3,10,7,0,2
0,48,365,4,5,3,89,2,4,4,-0.019465121,5602,2,25,4,2,23,3,3,2,2,2,2
1,35,763,15,2,1,59,1,2,4,-0.011318433,22098,6,14,3,4,7,2,2,2,2,2,2
0,24,567,2,1,1,32,3,1,4,0.349161928,17218,1,13,3,3,6,2,3,6,3,1,3
0,27,486,8,3,2,86,4,1,3,0.26196875,22490,7,17,3,1,5,0,3,3,2,0,2
0,27,591,2,3,4,87,3,1,4,-0.074245273,6297,2,13,3,3,6,0,2,4,2,1,2
1,40,1329,7,3,1,73,3,1,1,-0.222796613,3339,3,14,3,2,10,3,1,4,2,0,3
0,29,469,10,3,3,42,2,2,3,0.066649287,23413,9,11,3,3,8,2,3,5,2,1,4
0,36,711,5,4,2,42,3,3,1,-0.184293144,22792,4,12,3,3,9,6,3,3,2,0,2
0,25,772,2,1,4,77,4,2,3,-0.05384628,4973,1,17,3,3,7,6,3,7,7,0,7
0,39,492,12,3,4,66,3,2,2,-0.037671158,7693,4,21,4,3,7,3,3,5,4,1,0
0,49,301,22,4,1,72,3,4,2,0.058644847,3498,3,16,3,2,27,2,3,4,2,1,2
0,50,813,17,5,4,50,2,3,1,0.351600183,21981,5,15,3,3,19,3,3,14,11,1,11
0,20,1141,2,3,3,31,3,1,3,-0.001404881,13251,1,19,3,1,2,3,3,2,2,2,2
0,34,1130,3,3,4,66,3,2,2,-0.012590633,19332,1,12,3,3,11,2,3,11,8,7,9
0,36,311,7,3,1,77,3,1,2,-0.277696021,10950,2,11,3,3,15,4,3,4,3,1,3
0,49,465,6,1,3,41,2,4,3,-0.099187599,11652,2,19,3,2,30,3,3,15,11,2,12
0,36,894,1,4,4,33,2,2,3,-0.205056402,15411,0,15,3,3,4,6,3,3,2,1,2
0,36,1040,3,2,4,79,4,2,1,0.243485162,26308,6,20,4,1,13,3,3,5,4,0,4
0,54,584,22,5,2,91,3,4,3,0.123983739,18685,3,25,4,3,36,6,3,10,8,4,7
0,43,1291,15,2,3,65,2,4,3,0.135400307,3525,1,24,4,1,14,3,3,14,10,6,11
1,35,880,12,4,4,36,3,2,4,-0.167435614,10414,3,24,4,1,13,2,4,11,9,6,7
0,38,1189,1,3,4,90,3,2,4,-0.139447202,9867,7,15,3,4,19,4,4,13,11,2,9
0,29,991,5,3,1,43,2,2,2,-0.23904233,3356,1,13,3,2,10,3,2,10,0,0,9
0,33,392,2,4,4,93,3,2,4,0.000494858,3921,1,14,3,3,6,5,3,6,2,0,4
0,32,977,2,3,4,45,3,2,2,-0.005866145,25518,0,13,3,3,10,4,2,9,5,1,6
0,31,1112,5,4,1,67,3,2,4,-0.004775687,22589,1,11,3,1,10,2,3,10,0,0,2
0,49,464,16,3,4,74,3,1,1,-0.071733535,24941,4,16,3,2,17,2,2,2,2,2,2
0,38,148,2,3,4,42,2,1,2,-0.124480025,23826,1,22,4,2,4,3,3,4,3,3,3
0,47,1225,2,4,2,47,4,4,2,0.030200176,21086,6,14,3,3,29,2,3,3,2,1,2
0,49,809,1,3,3,36,3,4,3,-0.008048553,22384,4,14,3,1,23,2,3,8,7,0,0
0,41,1206,23,2,4,80,3,3,3,-0.278616889,11591,3,16,3,4,21,2,3,2,0,0,2
0,20,727,9,1,4,54,3,1,1,-0.021139963,21082,1,11,3,1,2,3,3,2,2,0,2
0,33,530,16,3,3,36,3,2,4,-0.024403924,16130,1,25,4,3,7,2,3,6,5,1,2
0,36,1351,26,4,1,80,3,2,3,-0.028220526,7419,6,14,3,2,10,2,2,3,2,0,2
0,44,528,1,3,3,44,3,1,4,0.146428819,4167,4,18,3,1,8,2,3,2,2,2,2
1,23,1320,8,1,4,93,2,1,3,0.431331631,20586,1,11,3,1,5,2,3,5,4,1,2
0,38,1495,4,2,4,87,3,1,3,0.186257802,26176,7,19,3,4,7,5,2,0,0,0,0
0,53,1395,24,4,2,48,4,3,4,-0.286460224,3458,3,15,3,3,11,2,3,4,3,1,2
1,48,708,7,2,4,95,3,1,3,-0.047333798,11740,2,11,3,3,19,3,3,9,7,7,7
1,32,1259,2,4,4,95,3,1,2,-0.500164211,24852,1,12,3,1,1,2,3,1,0,0,0
0,26,786,7,3,4,76,3,1,4,-0.077833469,11925,1,20,4,3,7,5,3,7,7,5,7
0,55,1441,22,3,1,94,2,1,2,0.269145144,23737,5,12,3,4,8,1,3,4,2,1,2
0,34,1157,5,2,2,57,2,2,4,-0.27557266,11912,1,14,3,3,15,3,4,15,10,4,13
0,60,370,1,4,3,92,1,3,4,0.108558655,20467,3,20,4,3,19,2,4,1,0,0,0
0,33,267,21,3,2,79,4,1,2,-0.272313726,13637,1,18,3,4,14,6,3,14,11,2,13
0,37,1278,1,4,3,31,1,2,4,0.731101458,7677,1,14,3,3,6,2,2,6,3,1,3
0,34,678,19,3,2,35,2,1,4,0.050982789,20338,1,12,3,2,10,3,3,10,9,8,7
1,23,427,7,3,3,99,3,1,4,-0.18368527,25103,1,21,4,2,3,2,3,3,2,0,2
0,44,921,2,3,3,96,4,3,4,-0.197433277,14810,1,19,3,2,9,2,3,8,7,6,7
0,35,146,2,4,1,79,2,1,4,0.768980932,13970,0,14,3,3,6,2,4,5,4,1,4
0,43,1179,2,3,4,73,3,2,4,0.426136812,6069,1,17,3,1,10,3,3,10,9,8,8
0,24,581,9,3,3,62,4,1,3,0.579165331,17616,1,16,3,4,5,1,3,5,3,0,4
0,41,918,6,3,4,35,3,3,3,-0.05869792,15869,1,12,3,2,10,3,3,10,8,8,7
0,29,1082,9,4,4,43,3,1,3,0.067129674,25412,9,17,3,3,9,2,3,5,3,1,2
0,36,530,2,4,3,51,3,2,4,-0.181793306,7439,3,15,3,3,17,2,2,13,7,6,7
0,45,1238,1,1,3,74,2,3,3,0.094807353,3395,3,23,4,4,25,3,2,23,15,14,4
1,24,240,22,1,4,58,1,1,3,-0.442035426,11585,1,11,3,3,1,2,3,1,0,0,0
1,47,1093,9,3,3,82,1,4,3,-0.165622998,24164,7,11,3,3,25,3,1,23,5,14,10
0,26,390,17,4,4,62,1,1,3,-0.17292068,6217,1,15,3,3,3,3,4,3,2,0,2
0,45,1005,28,2,4,48,2,4,2,0.077414459,17119,1,11,3,3,21,2,3,21,6,8,6
0,32,585,10,3,1,56,3,1,3,0.231827899,17360,6,13,3,1,10,3,2,5,2,1,3
0,31,741,2,4,2,69,3,1,3,0.247615964,18103,1,14,3,4,6,2,4,5,2,0,3
0,41,552,4,3,3,60,1,2,2,0.168607073,20794,6,19,3,2,10,4,3,3,2,1,2
0,40,369,8,2,2,92,3,2,1,0.184236966,5041,2,16,3,2,18,3,3,1,0,0,0
0,24,506,29,1,2,91,3,1,1,0.401908418,3622,1,13,3,2,6,2,4,6,2,1,2
0,46,717,13,4,3,34,3,2,2,0.010854205,9697,6,14,3,4,19,3,3,10,7,0,9
0,35,1370,27,4,4,49,3,2,3,0.250936623,5151,2,16,3,2,17,3,3,7,7,0,7
0,30,793,16,1,2,33,3,1,4,0.026941872,3811,1,12,3,2,10,2,2,10,0,0,8
0,47,543,2,4,3,87,3,2,2,-0.095283669,3536,7,11,3,4,4,3,1,1,0,0,0
0,46,1277,2,3,3,74,3,3,4,0.056099985,5596,4,12,3,2,13,5,2,10,6,0,3
1,36,1456,13,5,2,96,2,2,1,0.114811164,8658,5,13,3,2,16,3,3,2,2,2,2
1,32,964,1,2,1,34,1,2,2,0.224038668,12147,6,15,3,2,10,2,3,0,0,0,0
0,23,160,4,1,3,51,3,1,2,0.182310785,12862,1,13,3,3,3,3,1,3,2,1,2
0,31,163,24,1,4,30,3,2,4,-0.048030506,6670,2,20,4,4,9,3,2,5,4,1,4
0,39,792,1,3,4,77,3,2,4,0.176240276,8989,1,15,3,4,9,2,3,9,8,5,8
0,32,371,19,3,4,80,1,3,3,-0.021111029,3840,3,13,3,3,10,2,1,4,3,0,2
0,40,611,7,4,2,88,3,5,2,0.033408698,4349,1,14,3,2,21,3,2,21,8,12,8
0,45,176,4,3,3,56,1,3,3,-0.00623925,6595,4,21,4,3,9,2,4,5,0,0,3
0,30,1312,2,4,4,78,2,1,1,0.78261608,26427,0,16,3,4,10,2,3,9,7,0,7
0,24,897,10,3,1,59,3,1,4,-0.230331826,2097,0,14,3,4,3,2,3,2,2,2,1
1,30,600,8,3,3,66,2,1,4,-0.217773137,9732,6,11,3,3,6,0,2,4,2,1,2
0,31,1003,5,3,1,51,3,2,3,0.516826537,20943,1,19,3,3,6,3,3,5,2,0,2
0,27,1054,8,3,3,67,3,1,4,0.236133735,6152,1,11,3,3,6,5,2,6,2,1,4
1,29,428,9,3,2,52,1,1,2,-0.009657734,14630,1,13,3,3,2,3,3,2,2,2,2
0,29,461,1,3,4,70,4,2,3,0.143890034,23060,8,12,3,4,10,5,4,3,2,0,2
0,30,979,15,2,3,94,2,3,1,-0.272708922,3088,2,11,3,1,12,2,3,7,7,1,7
0,34,181,2,4,4,97,4,1,4,0.052059248,5586,0,14,3,1,6,3,3,5,0,1,2
0,33,1283,2,3,4,62,3,2,2,-0.064569113,10697,8,15,3,4,13,2,2,11,7,1,7
0,49,1313,11,4,4,80,3,2,4,-0.180884591,8191,3,12,3,3,8,1,4,5,1,0,4
1,33,211,16,3,1,74,3,3,1,-0.127658153,10092,2,20,4,3,11,2,2,0,0,0,0
0,38,594,2,2,3,75,2,1,2,-0.114433075,15963,4,14,3,2,9,4,2,6,1,0,5
1,31,1079,16,4,1,70,3,3,3,-0.168708336,19002,2,13,3,1,10,2,3,1,0,0,0
0,29,590,4,3,4,91,2,1,1,-0.243249333,10007,1,13,3,3,1,2,3,1,0,0,0
0,30,305,16,3,3,58,4,2,3,-0.037852901,9128,3,16,3,3,10,3,3,7,0,1,7
0,32,953,5,4,2,65,3,1,2,-0.024728159,17674,2,14,3,2,12,3,3,7,7,0,7
0,38,833,18,3,2,60,1,2,4,0.056108196,24539,3,16,3,3,15,2,3,1,0,1,0
1,43,807,17,3,3,38,2,1,3,-0.125556484,15587,9,16,3,4,6,4,3,1,0,0,0
0,42,855,12,3,2,57,3,1,2,-0.007504816,8952,8,22,4,2,7,6,2,5,3,0,4
0,55,478,2,3,3,60,2,5,1,-0.008015188,19805,8,12,3,2,34,2,3,1,0,0,0
0,33,775,4,3,4,90,3,2,2,-0.444775333,6194,5,15,3,4,11,2,2,9,8,1,7
0,41,548,9,4,3,94,3,1,1,-0.178661794,20520,1,20,4,2,5,2,3,5,3,0,4
0,34,1375,10,3,4,87,3,2,3,-0.272846516,12313,1,14,3,3,15,3,3,15,14,0,7
0,53,661,1,4,1,60,2,4,3,-0.163752487,22308,4,20,4,4,27,2,2,3,2,0,2
0,43,244,2,3,2,97,3,1,4,0.269862783,5033,0,13,3,2,10,5,3,9,7,1,8
0,34,511,3,2,4,32,1,2,4,0.095728156,25353,5,12,3,1,6,3,3,2,2,2,2
1,21,337,7,1,2,31,3,1,2,-0.038722126,4567,1,13,3,2,1,3,3,1,0,1,0
0,38,1153,6,2,4,40,2,1,3,0.328350388,16376,1,11,3,2,5,3,3,5,4,0,4
1,22,1294,8,1,3,79,3,1,1,-0.139550451,15999,1,17,3,3,1,6,3,1,0,0,0
0,31,196,29,4,1,91,2,2,4,-0.006229631,13402,1,14,3,1,13,3,3,12,7,5,7
0,51,942,3,3,1,53,3,3,3,0.336015375,22984,2,11,3,4,15,2,3,2,2,2,2
0,37,589,9,2,2,46,2,2,2,-0.238678845,8800,1,14,3,1,5,2,3,5,2,0,3
0,46,734,2,4,3,46,3,5,4,0.007095412,14218,7,17,3,3,24,3,3,2,1,2,2
0,36,1383,10,3,4,90,3,3,1,-0.152410496,25949,7,13,3,4,15,1,3,12,8,5,7
1,44,429,1,2,3,99,3,1,2,-0.159644352,11092,1,12,3,3,6,2,2,5,3,2,3
0,37,1239,8,2,3,89,3,2,2,-0.260124511,12832,2,13,3,3,19,4,2,10,0,4,7
1,35,303,27,3,3,84,3,2,4,0.056471682,13492,1,18,3,4,10,2,3,10,7,7,7
0,33,867,8,4,4,90,4,1,1,0.127770197,6076,6,19,3,2,14,1,3,10,8,7,6
0,28,1181,1,3,3,82,3,1,4,-0.266572611,5531,1,11,3,3,5,6,4,5,3,0,3
0,39,1253,10,1,3,65,3,3,3,0.371463175,7914,7,21,4,3,9,3,3,4,3,2,2
0,46,849,26,2,2,98,2,2,2,0.452307795,25166,8,15,3,3,6,3,3,2,2,2,2
0,40,616,2,2,3,99,3,1,1,0.211733998,25605,4,17,3,4,7,5,2,4,3,0,2
0,42,1128,13,3,2,95,4,2,1,0.006492375,5696,5,18,3,3,10,2,2,0,0,0,0
0,35,1180,2,2,2,90,3,2,4,0.047202792,24442,2,14,3,3,15,6,3,7,7,1,7
0,38,1336,2,3,1,100,3,1,2,-0.069939437,7129,5,13,3,4,13,3,3,11,10,3,8
1,34,234,9,4,4,93,3,2,1,-0.028402269,6208,4,17,3,3,11,3,2,7,1,0,7
1,37,370,10,4,4,58,3,2,1,-0.234317014,4992,1,15,3,2,10,4,1,10,3,0,8
0,39,766,20,3,3,83,3,2,4,-0.249946907,19188,2,18,3,4,7,6,3,2,1,2,2
0,43,343,9,3,1,52,3,1,3,-0.125197665,24978,4,13,3,3,7,2,2,3,2,1,2
0,41,447,5,3,2,85,4,2,2,0.248573965,15530,3,12,3,1,11,3,1,3,2,1,2
0,41,796,4,1,3,81,3,3,3,0.064147043,26458,0,13,3,4,23,3,4,22,14,13,5
0,30,1092,10,3,1,64,3,3,3,-0.015304923,2739,9,14,3,2,9,3,3,7,7,0,2
1,26,920,20,2,4,69,3,1,2,-0.229255367,6889,0,11,3,3,6,3,3,5,1,1,4
1,46,261,21,2,4,66,3,2,2,0.622237439,10842,4,22,4,4,13,2,4,9,7,3,7
0,40,1194,1,3,3,52,3,2,4,0.183691737,9060,4,17,3,4,12,3,3,5,3,0,3
0,34,810,8,2,2,92,4,2,3,0.235670216,22128,1,21,4,3,10,5,3,10,8,4,8
0,58,350,2,3,2,52,3,4,2,0.0507758,22577,4,22,4,4,37,0,2,16,9,14,14
0,35,185,23,4,2,91,1,1,3,-0.029392815,9696,0,16,3,2,6,2,4,5,4,0,3
0,47,1001,4,3,3,92,2,3,2,0.052534833,19271,8,12,3,3,28,4,3,22,11,14,10
0,40,750,12,3,2,47,3,2,1,-0.191607424,10748,2,12,3,2,15,3,3,7,4,7,7
0,54,431,7,4,4,68,3,2,4,0.245666078,15696,4,15,3,2,14,2,2,7,1,1,7
0,31,1125,7,4,1,68,3,3,1,-0.018360768,8277,2,14,3,4,9,3,3,3,2,2,2
0,28,1217,1,3,3,67,3,1,1,0.288521405,12719,1,25,4,3,3,3,3,3,2,1,2
0,38,723,2,4,2,77,1,2,4,-0.017679435,4244,2,20,4,1,20,4,2,4,2,0,3
0,26,572,10,3,3,46,3,2,4,-0.148716092,9125,1,13,3,1,5,4,3,5,3,1,2
0,58,1216,15,4,1,87,3,4,3,0.018267605,21624,2,14,3,2,23,3,3,2,2,2,2
0,18,1431,14,3,2,33,3,1,3,-0.456747032,8018,1,16,3,3,0,4,1,0,0,0,0
1,31,359,18,5,4,89,4,1,1,0.06067092,21495,0,17,3,3,2,4,3,1,0,0,0
1,29,350,13,3,1,56,2,1,1,-0.16215609,3157,4,15,3,4,4,3,3,2,2,2,0
0,45,589,2,4,3,67,3,2,3,-0.063296912,19665,4,22,4,2,10,3,4,8,7,5,7
0,36,430,2,4,4,73,3,2,2,0.265294315,19573,4,22,4,4,15,2,3,1,0,0,0
0,43,1422,2,4,1,92,3,2,4,0.031391157,19246,1,20,4,3,7,5,3,7,7,7,7
0,27,1297,5,2,4,53,3,1,4,-0.146368025,19826,0,14,3,3,6,3,2,5,4,0,2
0,29,574,20,1,4,40,3,1,4,0.367820551,7003,1,13,3,2,11,3,4,11,8,3,10
0,32,1318,10,4,4,79,3,2,4,-0.155258837,26075,8,13,3,3,4,2,4,0,0,0,0
0,42,355,10,4,3,38,3,1,3,0.053494527,6161,3,22,4,2,10,1,2,6,3,3,3
0,47,207,9,4,2,64,3,1,3,-0.244684612,5411,4,12,3,3,7,2,3,2,2,2,0
0,46,706,2,2,4,82,3,3,4,-0.126232092,19989,3,14,3,3,12,4,2,9,8,4,7
0,28,280,1,2,3,43,3,1,4,-0.029033995,10494,1,15,3,2,3,2,3,3,2,2,2
0,29,726,29,1,4,93,1,2,3,0.160246898,21143,8,17,3,4,11,3,3,7,0,1,6
0,42,1142,8,3,4,81,3,1,3,0.423796418,13624,4,13,3,4,8,3,3,0,0,0,0
1,32,414,2,4,3,82,2,2,2,0.800527259,26186,7,12,3,3,7,3,2,2,2,2,2
0,46,1319,3,3,1,45,4,4,1,-0.146982386,7739,2,12,3,4,25,5,3,19,17,2,8
0,27,728,23,1,2,36,2,2,3,-0.35663001,7018,1,21,4,4,9,5,3,9,8,5,8
0,29,352,6,1,4,87,2,1,2,0.006130332,15434,1,11,3,4,1,3,3,1,0,0,0
0,43,823,6,3,1,81,2,5,3,0.010430165,22539,7,13,3,4,21,2,3,16,12,6,14
0,48,1224,10,3,4,91,2,5,2,0.024654971,13583,4,12,3,4,29,3,3,22,10,12,9
1,29,459,24,2,4,73,2,1,4,-0.124838845,14753,1,24,4,2,1,3,2,1,0,1,0
1,46,1254,10,3,3,64,3,3,2,-0.254985022,14011,5,21,4,3,14,2,3,8,7,0,7
0,27,1131,15,3,4,77,2,1,1,0.713005065,23844,0,19,3,4,8,2,2,7,6,7,3
0,39,835,19,4,4,41,3,2,4,-0.290839067,5141,8,14,3,2,7,2,3,2,2,2,2
0,55,836,2,4,2,98,2,1,4,-0.044822061,7975,8,20,4,2,19,2,4,5,2,0,4
0,28,1172,3,3,2,78,3,1,2,0.024788954,3692,1,19,3,4,1,3,3,1,0,0,0
1,30,945,9,3,2,89,3,1,4,-0.612115946,16019,1,13,3,3,1,3,2,1,0,0,0
1,22,391,7,1,4,75,3,1,2,-0.112997796,26092,1,23,4,1,1,2,3,1,0,0,0
0,36,1266,10,4,2,63,2,2,3,0.031027671,6060,1,13,3,1,10,4,3,10,9,1,7
0,31,311,20,3,2,89,3,2,3,-0.237224901,18624,1,11,3,1,10,2,3,10,8,0,2
0,34,1480,4,3,3,64,3,3,4,-0.010619295,24444,2,13,3,4,9,3,3,5,3,1,0
0,29,592,7,3,4,59,3,1,1,-0.260113858,19384,3,14,3,2,11,2,3,3,2,1,2
0,37,783,7,4,4,78,3,2,1,-0.221413266,13588,5,22,4,3,16,2,3,5,3,0,4
0,35,219,16,2,4,44,2,2,2,-0.129814826,25388,0,11,3,4,4,2,3,3,2,0,2
0,45,556,25,2,2,93,2,2,4,0.073373775,23888,0,13,3,4,10,2,2,9,8,3,8
0,36,1213,2,1,2,94,2,2,4,-0.293746954,4223,1,21,4,4,10,2,2,10,1,0,8
0,40,1137,1,4,1,98,3,4,1,0.085090005,18991,2,11,3,1,22,3,3,19,7,11,16
0,26,482,1,2,2,90,2,1,3,0.052418068,14908,1,13,3,3,1,3,2,1,0,1,0
0,27,511,2,2,1,89,4,2,3,0.181329079,26997,0,14,3,2,9,5,2,8,7,0,7
0,48,117,22,3,4,58,3,4,4,0.107729641,2437,3,11,3,2,24,3,3,22,17,4,7
0,44,170,1,4,2,78,4,2,1,-0.085287807,9364,2,15,3,4,10,5,3,2,0,2,2
1,34,967,16,4,4,85,1,1,1,-0.17220304,14460,1,23,4,2,5,2,3,5,2,3,0
1,56,1162,24,2,1,97,3,1,4,-0.071733535,10261,1,16,3,4,5,3,3,4,2,1,0
0,36,335,17,2,3,33,2,2,2,0.000858344,16822,2,16,3,3,12,1,1,4,2,1,3
0,41,337,8,3,3,54,3,2,2,-0.201603286,26841,5,21,4,3,14,3,3,5,4,1,4
0,42,1396,6,3,3,83,3,3,1,0.359647242,14842,9,13,3,2,18,3,4,13,7,5,7
0,31,1079,10,2,3,86,3,2,4,0.196413742,20115,2,11,3,4,8,2,3,5,2,1,4
0,34,735,3,1,4,75,2,2,4,0.472663004,16495,3,12,3,3,9,3,2,4,2,0,1
0,31,471,4,3,1,62,4,1,3,0.427384614,16031,8,12,3,2,4,0,2,2,2,2,2
0,26,1096,6,3,3,61,4,1,4,-0.087162781,7102,0,18,3,1,8,3,3,7,7,7,7
0,45,1297,1,4,2,44,3,2,3,-0.018769893,14511,4,12,3,3,12,3,3,4,2,0,3
0,33,217,10,4,2,43,3,2,3,-0.002776515,10410,1,14,3,2,10,2,2,10,4,0,9
0,28,783,1,2,3,42,2,2,4,0.242031219,19255,1,12,3,3,7,2,3,7,7,0,7
1,29,746,24,3,3,45,4,1,1,-0.608527749,10642,1,17,3,4,1,3,3,1,0,0,0
0,39,1251,21,4,1,32,1,2,3,0.042477476,3987,6,19,3,3,10,1,3,3,2,1,2
0,27,1354,2,4,2,41,3,1,2,-0.201267433,6073,1,11,3,3,6,3,2,5,3,1,2
0,34,735,22,4,3,86,2,2,4,0.044476648,26496,1,15,3,2,16,3,3,15,10,6,11
1,28,1475,13,2,4,84,3,2,3,0.790894883,23352,3,11,3,4,6,0,3,2,0,2,2
0,47,1169,14,4,3,64,3,2,2,-0.006411373,2125,8,18,3,3,16,4,4,8,7,1,7
0,56,1443,11,5,4,89,2,2,1,-0.022223009,20328,4,16,3,3,6,3,3,0,0,0,0
0,39,867,9,2,1,87,3,2,1,-0.063842141,12315,1,25,4,4,10,3,3,10,0,7,9
0,38,1394,8,3,4,58,2,2,2,-0.612342319,18115,1,16,3,3,20,3,3,20,11,0,7
0,58,605,21,3,4,72,3,4,4,0.152944412,11761,4,13,3,3,29,2,2,1,0,0,0
1,32,238,5,2,1,47,4,1,3,-0.127350583,15318,3,14,3,1,8,2,3,4,1,0,3
0,38,1206,9,2,2,71,3,1,4,0.711928606,14293,2,19,3,4,10,0,4,5,2,0,3
0,49,1064,2,1,2,42,3,5,4,-0.001606209,13738,3,15,3,4,28,3,3,5,4,4,3
0,42,419,12,4,2,77,3,2,4,-0.075473689,2900,3,12,3,3,14,4,3,0,0,0,0
1,27,1337,22,3,1,58,2,1,2,0.027300692,19555,1,12,3,1,1,2,3,1,0,0,0
0,35,682,18,4,2,71,3,2,1,0.010672463,15975,0,16,3,4,6,2,1,5,3,0,4
0,28,1103,16,3,3,49,3,1,3,-0.230690645,2122,1,14,3,3,5,3,2,5,3,1,4
0,31,976,3,2,3,48,3,1,1,0.099782263,3995,1,13,3,4,4,3,4,4,2,2,3
0,36,1351,9,4,1,66,4,1,2,0.00828325,9238,1,22,4,2,5,3,3,5,4,0,2
0,34,937,1,3,1,32,3,3,4,0.007206467,6770,1,21,4,1,14,3,2,14,8,2,1
0,34,1239,13,4,4,39,3,3,3,-0.121139017,22914,1,18,3,3,9,2,2,8,7,1,1
0,26,157,1,3,3,95,3,1,1,0.02873597,20006,0,13,3,4,8,6,2,7,7,7,6
0,29,136,1,3,1,89,3,2,1,-0.023495209,6225,0,12,3,1,6,5,2,5,3,0,2
0,32,1146,15,4,3,34,3,2,4,0.211680149,16542,5,18,3,2,9,6,3,5,1,1,2
0,31,1125,1,3,4,48,1,2,1,-0.090740095,5771,1,21,4,2,10,6,3,10,8,8,7
1,28,1404,17,3,3,32,2,1,4,-0.150673861,18779,5,12,3,1,6,2,2,4,1,0,3
0,38,1404,1,3,1,59,2,1,1,0.025506593,11473,4,14,3,1,20,3,2,1,0,0,0
0,35,1224,7,4,3,55,3,2,4,-0.054209765,13586,1,11,3,4,10,2,3,10,8,0,9
0,27,954,9,3,4,44,3,2,4,-0.253945251,5099,1,14,3,1,7,5,3,7,7,0,7
0,32,1373,5,4,4,56,2,2,4,0.75908987,10138,8,24,4,2,8,1,3,1,0,0,0
1,31,754,26,4,1,63,3,2,4,0.020850067,21075,1,11,3,3,10,4,3,10,7,0,8
1,53,1168,24,4,1,66,3,3,1,0.064248905,5843,6,13,3,2,15,2,2,2,2,2,2
0,54,155,9,2,1,67,3,2,3,-0.473490717,22474,3,11,3,3,9,6,2,4,3,2,3
0,33,1303,7,2,4,36,3,2,3,0.084641837,18079,1,20,4,3,9,2,3,9,7,2,8
0,43,574,11,3,1,30,3,3,3,-0.235020169,16873,1,17,3,2,10,1,3,10,9,0,9
0,38,1444,1,4,4,88,3,1,2,0.073229608,5224,0,11,3,2,7,2,3,6,2,1,2
0,55,189,26,4,3,71,4,5,2,0.023143911,25811,4,18,3,1,35,0,3,10,9,1,4
0,31,1276,2,1,4,59,1,1,4,-0.594892602,17536,1,11,3,3,1,4,3,1,0,0,0
0,39,119,15,4,2,77,3,4,1,-0.139500341,25098,0,12,3,1,21,3,3,20,8,11,10
0,42,335,23,2,4,37,2,2,3,-0.212689605,14811,1,12,3,4,20,2,3,20,9,3,7
0,31,697,10,3,3,40,3,3,3,0.123634157,26862,4,20,4,3,13,2,4,11,7,4,8
0,54,157,10,3,3,77,3,2,1,-0.193061368,25198,6,19,3,4,9,3,3,5,2,1,4
0,24,771,1,2,2,45,2,2,3,-0.160892868,14120,1,12,3,2,4,2,2,4,3,1,2
0,23,571,12,2,4,78,3,1,4,-0.050204355,13672,1,13,3,3,5,6,4,5,2,1,4
0,40,692,11,3,4,73,3,2,3,0.149160579,26849,1,11,3,1,10,2,4,10,9,9,4
0,40,444,2,2,2,92,3,2,2,0.031754643,4258,3,14,3,3,15,4,3,11,8,5,10
0,25,309,2,3,3,82,3,1,2,-0.2152614,19655,4,14,3,3,6,3,3,2,0,1,2
0,30,911,1,2,4,76,3,1,2,0.344856092,4077,1,13,3,3,12,6,2,12,8,1,7
0,25,977,2,1,4,57,3,1,3,0.427025795,7298,6,19,3,3,7,2,2,2,2,0,2
0,47,1180,25,3,1,84,3,3,3,-0.12062971,13084,2,23,4,2,25,3,3,17,14,12,11
0,33,1313,1,2,2,59,2,1,3,-0.279490119,20439,1,12,3,3,1,2,2,1,1,0,0
0,38,1321,1,4,4,86,3,2,2,-0.193061368,7636,0,15,3,1,16,3,3,15,13,5,8
0,31,1154,2,2,1,54,3,1,3,0.100499903,6393,0,19,3,3,3,1,3,2,2,1,2
0,38,508,6,4,1,72,2,2,3,-0.032945842,14284,2,11,3,4,10,1,3,8,3,7,7
0,42,557,18,4,4,35,3,2,1,-0.016770721,11189,6,17,3,3,9,3,2,4,3,1,2
0,41,642,1,3,4,76,3,1,4,-0.001763701,21412,3,22,4,1,12,3,3,5,3,1,0
0,47,1162,1,1,3,98,3,3,2,0.217957901,17231,0,18,3,1,14,3,1,13,8,5,12
0,35,1490,11,4,4,43,3,1,3,-0.0455397,20232,7,11,3,3,5,3,3,2,2,2,2
0,22,581,1,2,4,63,3,1,3,0.211016358,17624,0,12,3,4,4,2,4,3,2,1,2
0,35,1395,9,4,2,48,3,2,3,-0.073474517,18698,1,19,3,2,10,5,3,10,7,0,8
0,33,501,15,2,2,95,3,2,4,-0.113457962,21653,0,13,3,1,10,6,3,9,7,8,1
0,32,267,29,4,3,49,2,1,2,0.01797138,15919,1,13,3,3,6,3,3,6,2,4,1
0,40,543,1,4,1,83,3,1,4,-0.136679894,4060,8,19,3,3,8,3,2,1,0,0,0
0,32,234,1,4,2,68,2,1,2,-0.185838188,18024,0,14,3,2,3,2,3,2,2,2,2
0,39,116,24,1,1,52,3,2,4,-0.253400022,5340,7,13,3,1,18,2,3,7,7,1,7
0,38,201,10,3,2,99,1,3,3,0.345182909,3376,3,12,3,1,20,3,3,18,16,1,11
0,32,801,1,4,3,48,3,3,4,0.061600506,24032,1,19,3,3,14,3,3,14,10,5,7
0,37,161,10,3,3,42,4,3,4,0.399984394,15471,1,25,4,1,16,2,3,16,11,6,8
0,25,1382,8,2,1,85,3,2,3,-0.108187417,13684,0,22,4,2,6,3,2,5,3,0,4
0,52,585,29,4,1,40,3,1,4,0.249410062,19788,2,15,3,2,16,3,2,9,8,0,0
0,44,1037,1,3,2,42,3,1,4,-0.125915304,13422,6,12,3,3,6,2,3,4,3,1,2
0,21,501,5,1,3,58,3,1,1,-0.146009205,25479,1,11,3,4,2,6,3,2,2,1,2
0,39,105,9,3,4,87,3,5,4,0.01246228,15302,2,13,3,3,21,3,2,6,0,1,3
1,23,638,9,3,4,33,3,1,1,-0.357712806,26956,1,19,3,1,1,3,2,1,0,1,0
0,36,557,3,3,1,94,2,3,4,-0.221370729,12695,0,19,3,3,10,2,3,9,7,3,4
0,36,688,4,2,4,97,3,2,2,-0.067477,9192,7,13,3,2,18,3,3,4,2,0,2
0,56,667,1,4,3,57,3,2,3,0.146070949,26236,1,21,4,1,13,2,2,13,12,1,9
1,29,1092,1,4,1,36,3,1,4,0.717669721,26124,9,14,3,2,4,3,4,2,2,2,2
0,42,300,2,3,1,56,3,5,3,-0.016247859,17312,5,11,3,1,24,2,2,22,6,4,14
1,56,310,7,2,4,72,3,1,3,-0.160720811,3666,8,11,3,4,14,4,1,10,9,9,8
0,41,582,28,4,1,60,2,4,2,-0.124729753,5640,0,23,4,3,21,3,3,20,7,0,10
0,34,704,28,3,4,95,2,2,3,0.219858581,8978,1,21,4,4,8,2,3,8,7,1,7
0,36,301,15,4,4,88,1,2,4,-0.017497693,10436,1,24,4,1,15,4,2,15,12,11,11
0,41,930,3,3,3,57,2,2,2,0.624418355,12227,2,11,3,3,14,5,3,5,4,0,4
0,32,529,2,3,4,78,3,1,1,-0.124838845,11288,1,14,3,4,4,4,3,4,2,1,2
0,35,1146,26,4,3,31,3,3,4,-0.099849965,16642,1,16,3,3,9,2,3,9,0,1,7
0,38,345,10,2,1,100,3,2,4,-0.028947497,5982,1,11,3,3,10,1,3,10,7,1,9
1,50,878,1,4,2,94,3,2,3,0.222766468,14255,7,12,3,4,12,3,3,6,3,0,1
0,36,1120,11,4,2,100,2,2,4,0.208954005,14369,4,13,3,1,8,2,2,6,3,0,0
0,45,374,20,3,4,50,3,2,3,-0.118546764,23333,8,15,3,3,8,3,3,5,3,0,1
0,40,1322,2,4,3,52,2,1,3,0.00792443,2725,2,14,3,4,8,2,3,2,2,2,2
0,35,1199,18,4,3,80,3,2,3,0.033935558,24594,1,14,3,4,10,2,4,10,2,0,2
0,40,1194,2,4,3,98,3,1,3,-0.282001857,12549,2,14,3,2,20,2,3,5,3,0,2
0,35,287,1,4,3,62,1,1,4,0.068206133,8952,1,12,3,4,4,5,3,4,3,1,1
0,29,1378,13,2,4,46,2,2,2,-0.268484686,23679,4,13,3,1,10,2,3,4,3,0,3
0,29,468,28,4,4,73,2,1,1,0.35813242,8489,1,14,3,2,5,3,1,5,4,0,4
1,50,410,28,3,4,39,2,3,1,0.105604672,16586,4,13,3,2,20,3,3,3,2,2,0
0,39,722,24,1,2,60,2,4,4,-0.223995848,8828,0,11,3,1,21,2,2,20,9,9,6
0,31,325,5,3,2,74,3,2,1,0.805797804,3787,0,19,3,2,10,2,3,9,4,1,7
0,26,1167,5,3,4,30,2,1,3,0.064259117,21378,0,18,3,4,5,2,3,4,2,0,0
0,36,884,23,2,3,41,4,2,4,-0.532738914,12290,4,17,3,3,17,3,3,5,2,0,3
0,39,613,6,1,4,42,2,3,1,0.017698201,21457,4,15,3,1,9,5,3,7,7,1,7
0,27,155,4,3,2,87,4,2,2,0.116265108,5174,1,20,4,2,6,0,3,6,2,0,3
0,49,1023,2,3,4,63,2,2,2,-0.020405579,13243,2,14,3,4,17,3,2,9,6,0,8
0,34,628,8,3,2,82,4,2,3,-0.199604114,10228,2,12,3,1,6,3,4,4,3,1,2
